Splits	Weights	GRASSLEY_C_Rep	LEAHY_P_Dem	MARKEY_E_Dem	HATCH_O_Rep	NELSON_C_Dem	ROBERTS_C_Rep	SCHUMER_C_Dem	WYDEN_R_Dem	McCONNELL_A_Rep	CARPER_T_Dem	DURBIN_R_Dem	CARDIN_B_Dem	INHOFE_J_Rep	FLAKE_J_Rep	BOOZMAN_J_Rep	CAPITO_S_Rep	VAN_HOLLEN_C_Dem	MURPHY_C_Dem	HIRONO_M_Dem	DONNELLY_J_Dem	HELLER_D_Rep	GILLIBRAND_K_Dem	CASSIDY_B_Rep	PETERS_G_Dem	HEINRICH_M_Dem	GARDNER_C_Rep	YOUNG_T_Rep	LANKFORD_J_Rep	SCOTT_T_Rep	COTTON_T_Rep	DUCKWORTH_T_Dem	DAINES_S_Rep	REED_J_Dem	SANDERS_B_Ind	CRAPO_M_Rep	MENENDEZ_R_Dem	PORTMAN_R_Rep	BROWN_S_Dem	WICKER_R_Rep	BURR_R_Rep	GRAHAM_L_Rep	MORAN_J_Rep	STABENOW_D_Dem	BLUNT_R_Rep	THUNE_J_Rep	ISAKSON_J_Rep	UDALL_T_Dem	TOOMEY_P_Rep	BALDWIN_T_Dem	CANTWELL_M_Dem	MURKOWSKI_L_Rep	ALEXANDER_L_Rep	CORNYN_J_Rep	KLOBUCHAR_A_Dem	McCASKILL_C_Dem	TESTER_J_Dem	CASEY_R_Dem	WHITEHOUSE_S_Dem	CORKER_R_Rep	BARRASSO_J_Rep	RISCH_J_Rep	SHAHEEN_J_Dem	MERKLEY_J_Dem	WARNER_M_Dem	BENNET_M_Dem	MANCHIN_J_Dem	COONS_C_Dem	BLUMENTHAL_R_Dem	RUBIO_M_Rep	PAUL_R_Rep	HOEVEN_J_Rep	LEE_M_Rep	JOHNSON_R_Rep	SCHATZ_B_Dem	KING_A_Ind	WARREN_E_Dem	FISCHER_D_Rep	HEITKAMP_M_Dem	CRUZ_R_Rep	KAINE_T_Dem	BOOKER_C_Dem	SULLIVAN_D_Rep	PERDUE_D_Rep	ERNST_J_Rep	SASSE_B_Rep	TILLIS_T_Rep	ROUNDS_M_Rep	CORTEZ_MASTO_C_Dem	HARRIS_K_Dem	HASSAN_M_Dem	KENNEDY_J_Rep	FEINSTEIN_D_Dem	MURRAY_P_Dem	COLLINS_S_Rep	ENZI_M_Rep	SHELBY_R_Rep
1	5.783073	1	1	1	0	1	1	1	1	1	1	1	1	1	1	1	1	1	1	1	1	1	1	1	1	1	1	1	1	1	1	1	1	1	1	1	1	1	1	1	1	1	1	1	1	1	1	1	1	1	1	1	1	1	1	1	1	1	1	1	1	1	1	1	1	1	1	1	1	1	1	1	1	1	1	1	1	1	1	1	1	1	1	1	1	1	1	1	1	1	1	1	1	1	1	1	1
2	.725945	1	1	1	0	1	0	1	1	1	1	1	1	1	1	1	1	1	1	1	1	1	1	1	1	1	1	1	1	1	1	1	1	1	1	1	1	1	1	1	1	1	1	1	1	1	1	1	1	1	1	1	1	1	1	1	1	1	1	1	1	1	1	1	1	1	1	1	1	1	1	1	1	1	1	1	1	1	1	1	1	1	1	1	1	1	1	1	1	1	1	1	1	1	1	1	1
3	.495964	1	1	1	0	1	0	1	1	1	1	1	1	1	1	1	1	1	1	1	1	1	1	1	1	1	1	1	1	1	1	1	1	1	1	1	1	1	1	0	1	1	1	1	1	1	1	1	1	1	1	1	1	1	1	1	1	1	1	1	1	1	1	1	1	1	1	1	1	1	1	1	1	1	1	1	1	1	1	1	1	1	1	1	1	1	1	1	1	1	1	1	1	1	1	1	1
4	1.475562	1	0	0	0	0	0	0	0	0	0	0	0	1	1	0	0	0	0	0	0	0	0	0	0	0	0	0	1	1	1	0	1	0	0	1	0	0	0	0	0	0	1	0	0	0	0	0	1	0	0	0	0	0	0	0	0	0	0	0	1	1	0	0	0	0	0	0	0	1	1	0	1	1	0	0	0	1	0	1	0	0	0	0	1	1	0	0	0	0	0	1	0	0	0	1	0
5	10.832625	1	0	0	0	0	0	0	0	0	0	0	0	0	0	0	0	0	0	0	0	0	0	0	0	0	0	0	0	0	0	0	0	0	0	0	0	0	0	0	0	0	0	0	0	0	0	0	0	0	0	0	0	0	0	0	0	0	0	0	0	0	0	0	0	0	0	0	0	0	0	0	0	0	0	0	0	0	0	0	0	0	0	0	0	0	0	0	0	0	0	0	0	0	0	0	0
6	4.981972	1	1	1	1	1	0	1	1	1	1	1	1	1	1	1	1	1	1	1	1	1	1	1	1	1	1	1	1	1	1	1	1	1	1	1	1	1	1	1	1	1	1	1	1	1	1	1	1	1	1	1	1	1	1	1	1	1	1	1	1	1	1	1	1	1	1	1	1	1	1	1	1	1	1	1	1	1	1	1	1	1	1	1	1	1	1	1	1	1	1	1	1	1	1	1	1
7	.774784	1	1	1	1	1	0	1	1	1	1	1	1	1	1	1	1	1	1	1	1	1	1	1	1	1	1	1	1	1	1	1	1	1	1	1	1	1	1	0	1	1	1	1	1	1	1	1	1	1	1	1	1	1	1	1	1	1	1	1	1	1	1	1	1	1	1	1	1	1	1	1	1	1	1	1	1	1	1	1	1	1	1	1	1	1	1	1	1	1	1	1	1	1	1	1	1
8	.758562	1	0	0	1	0	0	0	0	0	0	0	0	0	0	0	0	0	0	0	0	0	0	0	0	0	0	0	0	0	0	0	0	0	0	0	0	0	0	0	0	0	0	0	0	0	0	0	0	0	0	0	0	0	0	0	0	0	0	0	0	0	0	0	0	0	0	0	0	0	0	0	0	0	0	0	0	0	0	0	0	0	0	0	0	0	0	0	0	0	0	0	0	0	0	0	0
9	9.275314	1	1	1	1	1	1	1	1	1	1	1	1	1	1	1	1	1	1	1	1	1	1	1	1	1	1	1	1	1	1	1	1	1	1	1	1	1	1	0	1	1	1	1	1	1	1	1	1	1	1	1	1	1	1	1	1	1	1	1	1	1	1	1	1	1	1	1	1	1	1	1	1	1	1	1	1	1	1	1	1	1	1	1	1	1	1	1	1	1	1	1	1	1	1	1	1
10	.121202	1	0	0	1	0	1	0	0	0	0	0	0	0	0	0	0	0	0	0	0	0	0	0	0	0	0	0	0	1	0	0	1	0	0	0	0	0	0	0	0	0	1	0	0	0	0	0	0	0	0	0	0	0	0	0	0	0	0	0	0	0	0	0	0	0	0	0	0	0	0	0	0	0	0	0	0	1	0	0	0	0	0	0	1	0	0	0	0	0	0	0	0	0	0	0	0
11	23.741928	1	1	1	1	1	1	1	1	1	1	1	1	1	1	1	1	1	1	1	1	1	1	1	1	1	1	1	1	1	1	1	1	1	1	1	1	1	1	1	1	1	1	1	1	1	0	1	1	1	1	1	1	1	1	1	1	1	1	1	1	1	1	1	1	1	1	1	1	1	1	1	1	1	1	1	1	1	1	1	1	1	1	1	1	1	1	1	1	1	1	1	1	1	1	1	1
12	2.195094	1	0	0	1	0	1	0	0	1	1	0	0	1	1	1	1	0	0	0	0	0	0	1	0	0	1	1	1	1	1	0	1	0	0	1	0	1	0	1	1	1	1	0	1	1	0	0	1	0	0	1	0	1	0	0	0	0	0	1	1	1	0	0	1	0	0	1	0	1	1	1	1	1	0	1	0	1	1	1	0	0	1	1	1	1	1	1	0	0	0	1	1	0	1	1	1
13	.180881	1	0	0	1	0	1	0	0	1	0	0	0	1	1	1	1	0	0	0	0	0	0	1	0	0	1	1	1	1	1	0	1	0	0	1	0	1	0	1	1	1	1	0	1	1	0	0	1	0	0	1	0	1	0	0	0	0	0	1	1	1	0	0	1	0	0	0	0	1	1	1	1	1	0	1	0	1	1	1	0	0	1	1	1	1	1	1	0	0	0	1	0	0	1	1	1
14	.110251	1	0	0	1	0	1	0	0	1	0	0	0	1	1	1	1	0	0	0	0	0	0	1	0	0	1	1	1	1	1	0	1	0	0	1	0	1	0	1	1	1	1	0	1	1	0	0	1	0	0	1	0	1	0	0	0	0	0	1	1	1	0	0	0	0	0	0	0	1	1	1	1	1	0	1	0	1	1	1	0	0	1	1	1	1	1	1	0	0	0	1	0	0	1	1	1
15	1.356827	1	0	0	1	0	1	0	0	1	0	0	0	1	1	1	1	0	0	0	0	0	0	1	0	0	1	1	1	1	1	0	1	0	0	1	0	1	0	1	1	1	1	0	1	1	0	0	1	0	0	1	0	1	0	0	0	0	0	1	1	1	0	0	0	0	0	0	0	1	1	1	1	1	0	0	0	1	1	1	0	0	1	1	1	1	1	1	0	0	0	1	0	0	1	1	1
16	3.902232	1	0	0	1	0	1	0	0	1	0	0	0	1	1	1	1	0	0	0	0	0	0	1	0	0	1	1	1	1	1	0	1	0	0	1	0	1	0	1	1	1	1	0	1	1	0	0	1	0	0	1	0	1	0	0	0	0	0	1	1	1	0	0	0	0	0	0	0	1	1	1	1	1	0	0	0	1	0	1	0	0	1	1	1	1	1	1	0	0	0	1	0	0	1	1	1
17	.488286	1	0	0	1	0	1	0	0	1	0	0	0	1	1	1	1	0	0	0	0	0	0	1	0	0	1	1	1	1	1	0	1	0	0	1	0	1	0	1	1	1	1	0	1	1	0	0	1	0	0	0	0	1	0	0	0	0	0	1	1	1	0	0	0	0	0	0	0	1	1	1	1	1	0	0	0	1	0	1	0	0	1	1	1	1	1	1	0	0	0	1	0	0	0	1	1
18	1.484439	1	0	0	1	0	1	0	0	1	0	0	0	1	1	1	1	0	0	0	0	0	0	1	0	0	1	1	1	1	1	0	1	0	0	1	0	1	0	1	1	0	1	0	1	1	0	0	1	0	0	0	0	1	0	0	0	0	0	1	1	1	0	0	0	0	0	0	0	1	1	1	1	1	0	0	0	1	0	1	0	0	1	1	1	1	1	1	0	0	0	1	0	0	0	1	1
19	.443897	1	0	0	1	0	1	0	0	1	0	0	0	1	1	1	1	0	0	0	0	0	0	1	0	0	1	1	1	1	1	0	1	0	0	1	0	0	0	1	1	0	1	0	1	1	0	0	1	0	0	0	0	1	0	0	0	0	0	1	1	1	0	0	0	0	0	0	0	1	1	1	1	1	0	0	0	1	0	1	0	0	1	1	1	1	0	1	0	0	0	1	0	0	0	1	1
20	.132109	1	0	0	1	0	1	0	0	1	0	0	0	1	1	1	0	0	0	0	0	0	0	1	0	0	0	1	1	1	1	0	1	0	0	1	0	0	0	1	1	0	1	0	0	1	0	0	1	0	0	0	0	1	0	0	0	0	0	1	1	1	0	0	0	0	0	0	0	1	1	1	1	1	0	0	0	1	0	1	0	0	0	1	1	1	0	0	0	0	0	1	0	0	0	1	1
21	.540218	1	0	0	1	0	1	0	0	0	0	0	0	1	0	0	0	0	0	0	0	0	0	0	0	0	0	0	1	1	0	0	1	0	0	1	0	0	0	1	0	0	1	0	0	0	0	0	0	0	0	0	0	0	0	0	0	0	0	0	0	1	0	0	0	0	0	0	0	1	0	0	0	0	0	0	0	1	0	1	0	0	0	0	1	0	0	0	0	0	0	1	0	0	0	0	0
22	1.373846	1	0	0	1	0	1	0	0	0	0	0	0	0	0	0	0	0	0	0	0	0	0	0	0	0	0	0	0	0	0	0	0	0	0	0	0	0	0	1	0	0	0	0	0	0	0	0	0	0	0	0	0	0	0	0	0	0	0	0	0	0	0	0	0	0	0	0	0	0	0	0	0	0	0	0	0	0	0	0	0	0	0	0	0	0	0	0	0	0	0	0	0	0	0	0	0
23	16.522449	1	1	1	1	1	1	1	1	1	1	1	1	1	1	1	1	1	1	1	1	1	1	1	1	1	1	1	1	1	1	1	1	1	1	1	1	1	1	1	1	1	1	1	1	1	1	1	1	1	1	1	0	1	1	1	1	1	1	1	1	1	1	1	1	1	1	1	1	1	1	1	1	1	1	1	1	1	1	1	1	1	1	1	1	1	1	1	1	1	1	1	1	1	1	1	1
24	30.145201	1	1	1	1	1	1	1	1	1	1	1	1	1	1	1	1	1	1	1	1	0	1	1	1	1	1	1	1	1	1	1	1	1	1	1	1	1	1	1	1	1	1	1	1	1	1	1	1	1	1	1	1	1	1	1	1	1	1	1	1	1	1	1	1	1	1	1	1	1	1	1	1	1	1	1	1	1	1	1	1	1	1	1	1	1	1	1	1	1	1	1	1	1	1	1	1
25	.807494	1	0	0	1	0	1	0	0	1	1	0	0	1	1	1	1	0	0	0	0	0	0	1	0	0	1	1	1	1	1	0	1	0	0	1	0	1	0	1	1	1	1	0	1	1	1	0	1	0	0	1	1	1	0	0	0	0	0	1	1	1	0	0	1	0	0	1	0	1	1	1	1	1	0	1	0	1	1	1	0	0	1	1	1	1	1	1	0	0	0	1	1	0	1	1	1
26	.658391	1	0	0	1	0	1	0	0	1	0	0	0	1	1	1	1	0	0	0	0	0	0	1	0	0	1	1	1	1	1	0	1	0	0	1	0	1	0	1	1	0	1	0	1	1	1	0	1	0	0	0	1	1	0	0	0	0	0	1	1	1	0	0	0	0	0	0	0	1	1	1	1	1	0	0	0	1	0	1	0	0	1	1	1	1	1	1	0	0	0	1	0	0	0	1	1
27	14.049006	1	1	1	1	1	1	1	1	1	1	1	1	1	1	1	1	1	1	1	1	1	1	1	1	1	1	1	1	1	1	1	1	1	1	1	1	1	1	1	1	1	1	1	1	1	1	1	1	1	1	1	1	1	1	1	1	1	1	1	1	1	1	1	1	1	0	1	1	1	1	1	1	1	1	1	1	1	1	1	1	1	1	1	1	1	1	1	1	1	1	1	1	1	1	1	1
28	.241448	1	0	0	1	0	1	0	0	1	1	0	0	1	1	1	1	0	0	0	0	1	0	1	0	0	1	1	1	1	1	1	1	0	0	1	0	1	0	1	1	1	1	0	1	1	1	0	1	0	0	1	1	1	0	0	0	0	0	1	1	1	0	0	1	0	0	1	0	1	1	1	1	1	0	1	0	1	1	1	0	0	1	1	1	1	1	1	0	0	0	1	1	0	1	1	1
29	2.797279	1	0	0	1	0	1	0	0	1	0	0	0	1	1	1	1	0	0	0	0	1	0	1	0	0	1	1	1	1	1	0	1	0	0	1	0	1	0	1	1	1	1	0	1	1	1	0	1	0	0	1	1	1	0	0	0	0	0	1	1	1	0	0	0	0	0	0	0	1	1	1	1	1	0	1	0	1	1	1	0	0	1	1	1	1	1	1	0	0	0	1	0	0	1	1	1
30	5.316995	1	0	0	1	0	1	0	0	1	0	0	0	1	1	1	1	0	0	0	0	1	0	1	0	0	1	1	1	1	1	0	1	0	0	1	0	1	0	1	1	1	1	0	1	1	1	0	1	0	0	1	1	1	0	0	0	0	0	1	1	1	0	0	0	0	0	0	0	1	1	1	1	1	0	0	0	1	1	1	0	0	1	1	1	1	1	1	0	0	0	1	0	0	1	1	1
31	136.013794	1	0	0	1	0	1	0	0	1	0	0	0	1	1	1	1	0	0	0	0	1	0	1	0	0	1	1	1	1	1	0	1	0	0	1	0	1	0	1	1	1	1	0	1	1	1	0	1	0	0	1	1	1	0	0	0	0	0	1	1	1	0	0	0	0	0	0	0	1	1	1	1	1	0	0	0	1	0	1	0	0	1	1	1	1	1	1	0	0	0	1	0	0	1	1	1
32	14.13822	1	0	0	1	0	1	0	0	1	0	0	0	1	1	1	1	0	0	0	0	1	0	1	0	0	1	1	1	1	1	0	1	0	0	1	0	1	0	1	1	1	1	0	1	1	1	0	1	0	0	1	1	1	0	0	0	0	0	1	1	1	0	0	0	0	0	0	0	1	1	1	1	1	0	0	0	1	0	1	0	0	1	1	1	1	1	1	0	0	0	1	0	0	0	1	1
33	12.320189	1	0	0	1	0	1	0	0	1	0	0	0	1	1	1	1	0	0	0	0	1	0	1	0	0	1	1	1	1	1	0	1	0	0	1	0	1	0	1	1	1	1	0	1	1	1	0	1	0	0	0	1	1	0	0	0	0	0	1	1	1	0	0	0	0	0	0	0	1	1	1	1	1	0	0	0	1	0	1	0	0	1	1	1	1	1	1	0	0	0	1	0	0	0	1	1
34	2.153225	1	0	0	1	0	1	0	0	1	0	0	0	1	1	1	1	0	0	0	0	1	0	1	0	0	1	1	1	1	1	0	1	0	0	1	0	1	0	1	1	0	1	0	1	1	1	0	1	0	0	0	1	1	0	0	0	0	0	1	1	1	0	0	0	0	0	0	0	1	1	1	1	1	0	0	0	1	0	1	0	0	1	1	1	1	0	1	0	0	0	1	0	0	0	1	1
35	.679486	1	0	0	1	0	1	0	0	1	0	0	0	1	1	1	1	0	0	0	0	1	0	1	0	0	1	1	1	1	1	0	1	0	0	1	0	0	0	1	1	0	1	0	1	1	1	0	1	0	0	0	1	1	0	0	0	0	0	1	1	1	0	0	0	0	0	0	0	1	1	1	1	1	0	0	0	1	0	1	0	0	1	1	1	1	0	1	0	0	0	1	0	0	0	1	1
36	1.322576	1	0	0	1	0	1	0	0	1	0	0	0	1	1	1	0	0	0	0	0	1	0	1	0	0	1	1	1	1	1	0	1	0	0	1	0	0	0	1	1	0	1	0	1	1	1	0	1	0	0	0	1	1	0	0	0	0	0	1	1	1	0	0	0	0	0	0	0	1	1	1	1	1	0	0	0	1	0	1	0	0	1	1	1	1	0	1	0	0	0	1	0	0	0	1	1
37	12.968123	1	1	1	1	1	1	1	1	1	1	1	1	1	1	1	1	1	1	1	0	1	1	1	1	1	1	1	1	1	1	1	1	1	1	1	1	1	1	1	1	1	1	1	1	1	1	1	1	1	1	1	1	1	1	1	1	1	1	1	1	1	1	1	1	1	1	1	1	1	1	1	1	1	1	1	1	1	1	1	1	1	1	1	1	1	1	1	1	1	1	1	1	1	1	1	1
38	.864528	1	0	0	1	0	1	0	0	1	1	0	0	1	1	1	1	0	0	0	0	1	0	1	0	0	1	1	1	1	1	1	1	0	0	1	0	1	0	1	1	1	1	0	1	1	1	0	1	0	0	1	1	1	1	0	0	0	0	1	1	1	0	0	1	0	1	1	0	1	1	1	1	1	0	1	0	1	1	1	0	0	1	1	1	1	1	1	1	0	0	1	1	0	1	1	1
39	2.941474	1	0	0	1	0	1	0	0	1	0	0	0	1	1	1	1	0	0	0	0	1	0	1	0	0	1	1	1	1	1	0	1	0	0	1	0	1	0	1	1	1	1	0	1	1	1	0	1	0	0	1	1	1	0	0	0	0	0	1	1	1	0	0	1	0	1	0	0	1	1	1	1	1	0	1	0	1	1	1	0	0	1	1	1	1	1	1	0	0	0	1	0	0	1	1	1
40	1.847757	1	0	0	1	0	1	0	0	1	0	0	0	1	1	1	1	0	0	0	0	1	0	1	0	0	1	1	1	1	1	0	1	0	0	1	0	1	0	1	1	1	1	0	1	1	1	0	1	0	0	1	1	1	0	0	0	0	0	1	1	1	0	0	0	0	1	0	0	1	1	1	1	1	0	1	0	1	1	1	0	0	1	1	1	1	1	1	0	0	0	1	0	0	1	1	1
41	25.465166	1	0	0	1	0	1	0	0	1	0	0	0	1	1	1	1	0	0	0	0	1	0	1	0	0	1	1	1	1	1	0	1	0	0	1	0	1	0	1	1	1	1	0	1	1	1	0	1	0	0	1	1	1	0	0	0	0	0	1	1	1	0	0	0	0	1	0	0	1	1	1	1	1	0	0	0	1	0	1	0	0	1	1	1	1	1	1	0	0	0	1	0	0	1	1	1
42	.884469	1	0	0	1	0	1	0	0	1	0	0	0	1	1	1	1	0	0	0	0	1	0	1	0	0	1	1	1	1	1	0	1	0	0	1	0	1	0	1	1	1	1	0	1	1	1	0	1	0	0	1	1	1	0	0	0	0	0	1	1	1	0	0	0	0	1	0	0	1	1	1	1	1	0	0	0	1	0	1	0	0	1	1	1	1	1	1	0	0	0	1	0	0	0	1	1
43	1.25484	1	0	0	1	0	1	0	0	1	0	0	0	1	1	1	1	0	0	0	0	1	0	1	0	0	1	1	1	1	1	0	1	0	0	1	0	1	0	1	1	1	1	0	1	1	1	0	1	0	0	0	1	1	0	0	0	0	0	1	1	1	0	0	0	0	1	0	0	1	1	1	1	1	0	0	0	1	0	1	0	0	1	1	1	1	1	1	0	0	0	1	0	0	0	1	1
44	15.575696	1	1	1	1	1	1	1	1	1	1	1	1	1	1	1	1	1	1	1	1	1	1	1	1	1	1	1	1	1	1	1	1	1	1	1	1	1	1	1	1	1	1	1	1	1	1	1	1	1	1	1	1	1	1	0	1	1	1	1	1	1	1	1	1	1	1	1	1	1	1	1	1	1	1	1	1	1	1	1	1	1	1	1	1	1	1	1	1	1	1	1	1	1	1	1	1
45	.308927	1	0	0	1	0	1	0	0	1	1	0	0	1	1	1	1	0	0	0	1	1	0	1	0	0	1	1	1	1	1	1	1	0	0	1	0	1	0	1	1	1	1	0	1	1	1	0	1	0	0	1	1	1	0	0	0	0	0	1	1	1	0	0	1	0	1	1	0	1	1	1	1	1	0	1	0	1	1	1	0	0	1	1	1	1	1	1	0	0	0	1	1	0	1	1	1
46	1.284651	1	0	0	1	0	1	0	0	1	1	0	0	1	1	1	1	0	0	0	1	1	0	1	0	0	1	1	1	1	1	0	1	0	0	1	0	1	0	1	1	1	1	0	1	1	1	0	1	0	0	1	1	1	0	0	0	0	0	1	1	1	0	0	1	0	1	1	0	1	1	1	1	1	0	1	0	1	1	1	0	0	1	1	1	1	1	1	0	0	0	1	0	0	1	1	1
47	25.700544	1	0	0	1	0	1	0	0	1	0	0	0	1	1	1	1	0	0	0	1	1	0	1	0	0	1	1	1	1	1	0	1	0	0	1	0	1	0	1	1	1	1	0	1	1	1	0	1	0	0	1	1	1	0	0	0	0	0	1	1	1	0	0	0	0	1	0	0	1	1	1	1	1	0	0	0	1	1	1	0	0	1	1	1	1	1	1	0	0	0	1	0	0	1	1	1
48	2.142838	1	0	0	1	0	1	0	0	1	0	0	0	1	1	1	1	0	0	0	1	1	0	1	0	0	1	1	1	1	1	0	1	0	0	1	0	1	0	1	1	1	1	0	1	1	1	0	1	0	0	0	1	1	0	0	0	0	0	1	1	1	0	0	0	0	1	0	0	1	1	1	1	1	0	0	0	1	0	1	0	0	1	1	1	1	1	1	0	0	0	1	0	0	0	1	1
49	17.964272	1	1	1	1	0	1	1	1	1	1	1	1	1	1	1	1	1	1	1	1	1	1	1	1	1	1	1	1	1	1	1	1	1	1	1	1	1	1	1	1	1	1	1	1	1	1	1	1	1	1	1	1	1	1	1	1	1	1	1	1	1	1	1	1	1	1	1	1	1	1	1	1	1	1	1	1	1	1	1	1	1	1	1	1	1	1	1	1	1	1	1	1	1	1	1	1
50	.18554	1	0	0	1	0	1	0	0	1	1	0	0	1	1	1	1	0	0	0	1	1	0	1	0	0	1	1	1	1	1	1	1	1	0	1	0	1	0	1	1	1	1	0	1	1	1	0	1	0	0	1	1	1	1	1	0	1	0	1	1	1	0	0	1	0	1	1	0	1	1	1	1	1	0	1	0	1	1	1	0	0	1	1	1	1	1	1	1	0	0	1	1	0	1	1	1
51	1.863656	1	0	0	1	0	1	0	0	1	1	0	0	1	1	1	1	0	0	0	1	1	0	1	0	0	1	1	1	1	1	0	1	0	0	1	0	1	0	1	1	1	1	0	1	1	1	0	1	0	0	1	1	1	0	1	0	0	0	1	1	1	0	0	1	0	1	1	0	1	1	1	1	1	0	1	0	1	1	1	0	0	1	1	1	1	1	1	0	0	0	1	0	0	1	1	1
52	1.707974	1	0	0	1	0	1	0	0	1	0	0	0	1	1	1	1	0	0	0	1	1	0	1	0	0	1	1	1	1	1	0	1	0	0	1	0	1	0	1	1	1	1	0	1	1	1	0	1	0	0	1	1	1	0	1	0	0	0	1	1	1	0	0	1	0	1	0	0	1	1	1	1	1	0	1	0	1	1	1	0	0	1	1	1	1	1	1	0	0	0	1	0	0	1	1	1
53	1.300459	1	0	0	1	0	1	0	0	1	0	0	0	1	1	1	1	0	0	0	1	1	0	1	0	0	1	1	1	1	1	0	1	0	0	1	0	1	0	1	1	1	1	0	1	1	1	0	1	0	0	1	1	1	0	1	0	0	0	1	1	1	0	0	0	0	1	0	0	1	1	1	1	1	0	1	0	1	1	1	0	0	1	1	1	1	1	1	0	0	0	1	0	0	1	1	1
54	7.706967	1	0	0	1	0	1	0	0	1	0	0	0	1	1	1	1	0	0	0	1	1	0	1	0	0	1	1	1	1	1	0	1	0	0	1	0	1	0	1	1	1	1	0	1	1	1	0	1	0	0	1	1	1	0	1	0	0	0	1	1	1	0	0	0	0	1	0	0	1	1	1	1	1	0	0	0	1	1	1	0	0	1	1	1	1	1	1	0	0	0	1	0	0	1	1	1
55	3.477602	1	0	0	1	0	1	0	0	1	0	0	0	1	1	1	1	0	0	0	1	1	0	1	0	0	1	1	1	1	1	0	1	0	0	1	0	1	0	1	1	1	1	0	1	1	1	0	1	0	0	1	1	1	0	1	0	0	0	1	1	1	0	0	0	0	1	0	0	1	1	1	1	1	0	0	0	1	0	1	0	0	1	1	1	1	1	1	0	0	0	1	0	0	1	1	1
56	1.101402	1	0	0	1	0	1	0	0	1	0	0	0	1	1	1	1	0	0	0	1	1	0	1	0	0	1	1	1	1	1	0	1	0	0	1	0	1	0	1	1	0	1	0	1	1	1	0	1	0	0	0	1	1	0	1	0	0	0	1	1	1	0	0	0	0	1	0	0	1	1	1	1	1	0	0	0	1	0	1	0	0	1	1	1	1	1	1	0	0	0	1	0	0	0	1	1
57	.060253	1	0	0	1	0	1	0	0	1	0	0	0	1	1	1	1	0	0	0	1	1	0	1	0	0	1	1	1	1	1	0	1	0	0	1	0	0	0	1	1	0	1	0	1	1	1	0	1	0	0	0	1	1	0	1	0	0	0	1	1	1	0	0	0	0	1	0	0	1	1	1	1	1	0	0	0	1	0	1	0	0	1	1	1	1	0	1	0	0	0	1	0	0	0	1	1
58	16.575703	1	1	1	1	1	1	1	1	1	1	1	1	1	1	1	1	1	1	1	1	1	1	1	1	1	1	1	1	1	1	1	1	1	1	1	1	1	1	1	1	1	1	1	1	1	1	1	1	1	1	1	1	1	1	1	0	1	1	1	1	1	1	1	1	1	1	1	1	1	1	1	1	1	1	1	1	1	1	1	1	1	1	1	1	1	1	1	1	1	1	1	1	1	1	1	1
59	.043285	1	0	0	1	1	1	0	0	1	1	0	0	1	1	1	1	0	0	0	1	1	0	1	0	1	1	1	1	1	1	1	1	1	0	1	0	1	0	1	1	1	1	0	1	1	1	0	1	1	0	1	1	1	1	1	0	1	1	1	1	1	0	0	1	0	1	1	0	1	1	1	1	1	0	1	0	1	1	1	0	0	1	1	1	1	1	1	1	0	0	1	1	0	1	1	1
60	1.220165	1	0	0	1	1	1	0	0	1	1	0	0	1	1	1	1	0	0	0	1	1	0	1	0	0	1	1	1	1	1	1	1	0	0	1	0	1	0	1	1	1	1	0	1	1	1	0	1	0	0	1	1	1	1	1	0	1	0	1	1	1	0	0	1	0	1	1	0	1	1	1	1	1	0	1	0	1	1	1	0	0	1	1	1	1	1	1	1	0	0	1	1	0	1	1	1
61	.693022	1	0	0	1	1	1	0	0	1	0	0	0	1	1	1	1	0	0	0	1	1	0	1	0	0	1	1	1	1	1	0	1	0	0	1	0	1	0	1	1	1	1	0	1	1	1	0	1	0	0	1	1	1	0	1	0	0	0	1	1	1	0	0	1	0	1	0	0	1	1	1	1	1	0	1	0	1	1	1	0	0	1	1	1	1	1	1	0	0	0	1	0	0	1	1	1
62	.43652	1	0	0	1	1	1	0	0	1	0	0	0	1	1	1	1	0	0	0	1	1	0	1	0	0	1	1	1	1	1	0	1	0	0	1	0	1	0	1	1	1	1	0	1	1	1	0	1	0	0	1	1	1	0	1	0	0	0	1	1	1	0	0	0	0	1	0	0	1	1	1	1	1	0	1	0	1	1	1	0	0	1	1	1	1	1	1	0	0	0	1	0	0	1	1	1
63	5.615816	1	0	0	1	1	1	0	0	1	0	0	0	1	1	1	1	0	0	0	1	1	0	1	0	0	1	1	1	1	1	0	1	0	0	1	0	1	0	1	1	1	1	0	1	1	1	0	1	0	0	1	1	1	0	1	0	0	0	1	1	1	0	0	0	0	1	0	0	1	1	1	1	1	0	0	0	1	1	1	0	0	1	1	1	1	1	1	0	0	0	1	0	0	1	1	1
64	16.08515	1	1	1	1	1	1	1	1	1	1	1	1	1	1	1	1	1	1	1	1	1	1	1	1	1	1	1	1	1	1	1	1	1	1	1	1	1	1	1	1	1	1	1	1	1	1	1	1	1	1	1	1	1	1	1	1	1	1	1	1	1	1	1	1	0	1	1	1	1	1	1	1	1	1	1	1	1	1	1	1	1	1	1	1	1	1	1	1	1	1	1	1	1	1	1	1
65	1.414867	1	0	0	1	1	1	0	0	1	1	0	0	1	1	1	1	0	0	0	1	1	0	1	0	0	1	1	1	1	1	1	1	1	0	1	0	1	0	1	1	1	1	0	1	1	1	0	1	0	0	1	1	1	1	1	1	1	0	1	1	1	0	0	1	0	1	1	0	1	1	1	1	1	0	1	0	1	1	1	0	0	1	1	1	1	1	1	1	0	0	1	1	0	1	1	1
66	1.35086	1	0	0	1	1	1	0	0	1	1	0	0	1	1	1	1	0	0	0	1	1	0	1	0	0	1	1	1	1	1	0	1	0	0	1	0	1	0	1	1	1	1	0	1	1	1	0	1	0	0	1	1	1	0	1	1	0	0	1	1	1	0	0	1	0	1	1	0	1	1	1	1	1	0	1	0	1	1	1	0	0	1	1	1	1	1	1	0	0	0	1	0	0	1	1	1
67	6.70512	1	0	0	1	1	1	0	0	1	0	0	0	1	1	1	1	0	0	0	1	1	0	1	0	0	1	1	1	1	1	0	1	0	0	1	0	1	0	1	1	1	1	0	1	1	1	0	1	0	0	1	1	1	0	1	1	0	0	1	1	1	0	0	1	0	1	0	0	1	1	1	1	1	0	1	0	1	1	1	0	0	1	1	1	1	1	1	0	0	0	1	0	0	1	1	1
68	.58338	1	0	0	1	1	1	0	0	1	0	0	0	1	1	1	1	0	0	0	1	1	0	1	0	0	1	1	1	1	1	0	1	0	0	1	0	1	0	1	1	1	1	0	1	1	1	0	1	0	0	1	1	1	0	1	1	0	0	1	1	1	0	0	0	0	1	0	0	1	1	1	1	1	0	1	0	1	1	1	0	0	1	1	1	1	1	1	0	0	0	1	0	0	1	1	1
69	2.684073	1	0	0	1	1	1	0	0	1	0	0	0	1	1	1	1	0	0	0	1	1	0	1	0	0	1	1	1	1	1	0	1	0	0	1	0	1	0	1	1	1	1	0	1	1	1	0	1	0	0	1	1	1	0	1	1	0	0	1	1	1	0	0	0	0	1	0	0	1	1	1	1	1	0	0	0	1	1	1	0	0	1	1	1	1	1	1	0	0	0	1	0	0	1	1	1
70	2.047522	1	0	0	1	1	1	0	0	1	0	0	0	1	1	1	1	0	0	0	1	1	0	1	0	0	1	1	1	1	1	0	1	0	0	1	0	1	0	1	1	1	1	0	1	1	1	0	1	0	0	1	1	1	0	1	1	0	0	1	1	1	0	0	0	0	1	0	0	1	1	1	1	1	0	0	0	1	0	1	0	0	1	1	1	1	1	1	0	0	0	1	0	0	1	1	1
71	11.44405	1	1	1	1	1	1	1	1	1	1	1	1	1	1	1	1	1	1	1	1	1	1	1	1	1	1	1	1	1	1	1	1	1	1	1	1	1	1	1	1	1	1	1	1	1	1	1	1	1	1	1	1	1	1	1	1	1	1	1	1	1	0	1	1	1	1	1	1	1	1	1	1	1	1	1	1	1	1	1	1	1	1	1	1	1	1	1	1	1	1	1	1	1	1	1	1
72	6.193802	1	1	1	1	1	1	1	1	1	1	1	1	1	1	1	1	1	1	1	1	1	1	1	1	1	1	1	1	1	1	1	1	1	1	1	1	1	1	1	1	1	1	1	1	1	1	1	1	1	1	1	1	1	1	1	1	1	1	1	1	1	0	1	1	1	1	1	1	1	1	1	1	1	1	1	1	1	1	1	1	1	1	1	1	1	1	1	1	1	0	1	1	1	1	1	1
73	4.152577	1	0	0	1	1	1	0	0	1	1	0	0	1	1	1	1	0	0	0	1	1	0	1	0	0	1	1	1	1	1	0	1	0	0	1	0	1	0	1	1	1	1	0	1	1	1	0	1	0	0	1	1	1	0	1	1	0	0	1	1	1	0	0	1	1	1	1	0	1	1	1	1	1	0	1	0	1	1	1	0	0	1	1	1	1	1	1	0	0	0	1	0	0	1	1	1
74	2.091359	1	0	0	1	1	1	0	0	1	0	0	0	1	1	1	1	0	0	0	1	1	0	1	0	0	1	1	1	1	1	0	1	0	0	1	0	1	0	1	1	1	1	0	1	1	1	0	1	0	0	1	1	1	0	1	1	0	0	1	1	1	0	0	0	1	1	0	0	1	1	1	1	1	0	1	0	1	1	1	0	0	1	1	1	1	1	1	0	0	0	1	0	0	1	1	1
75	6.616861	1	1	1	1	1	1	1	1	1	1	1	1	1	1	1	1	1	1	1	1	1	1	1	1	1	1	1	1	1	1	1	1	1	1	1	1	1	1	1	1	1	1	1	1	1	1	1	1	1	1	1	1	1	1	1	1	1	1	1	1	1	1	1	1	1	1	1	1	1	1	1	1	1	1	1	1	1	1	1	1	1	1	1	1	1	1	1	1	1	0	1	1	1	1	1	1
76	1.040839	1	0	0	1	1	1	0	0	1	1	0	0	1	1	1	1	0	0	0	1	1	0	1	0	0	1	1	1	1	1	1	1	0	0	1	0	1	0	1	1	1	1	0	1	1	1	0	1	0	0	1	1	1	1	1	1	1	0	1	1	1	1	0	1	1	1	1	0	1	1	1	1	1	0	1	0	1	1	1	0	0	1	1	1	1	1	1	1	0	0	1	1	0	1	1	1
77	6.176146	1	0	0	1	1	1	0	0	1	1	0	0	1	1	1	1	0	0	0	1	1	0	1	0	0	1	1	1	1	1	0	1	0	0	1	0	1	0	1	1	1	1	0	1	1	1	0	1	0	0	1	1	1	0	1	1	0	0	1	1	1	1	0	1	1	1	1	0	1	1	1	1	1	0	1	0	1	1	1	0	0	1	1	1	1	1	1	0	0	0	1	0	0	1	1	1
78	.009687	1	0	0	1	1	1	0	0	1	0	0	0	1	1	1	1	0	0	0	1	1	0	1	0	0	1	1	1	1	1	0	1	0	0	1	0	1	0	1	1	1	1	0	1	1	1	0	1	0	0	1	1	1	0	1	1	0	0	1	1	1	1	0	1	1	1	0	0	1	1	1	1	1	0	1	0	1	1	1	0	0	1	1	1	1	1	1	0	0	0	1	0	0	1	1	1
79	1.237605	1	0	0	1	1	1	0	0	1	0	0	0	1	1	1	1	0	0	0	1	1	0	1	0	0	1	1	1	1	1	0	1	0	0	1	0	1	0	1	1	1	1	0	1	1	1	0	1	0	0	1	1	1	0	1	1	0	0	1	1	1	1	0	0	1	1	0	0	1	1	1	1	1	0	0	0	1	1	1	0	0	1	1	1	1	1	1	0	0	0	1	0	0	1	1	1
80	12.296958	1	1	1	1	1	1	1	1	1	1	1	1	1	1	1	1	1	1	1	1	1	1	1	1	1	1	1	1	1	1	1	1	1	1	1	1	1	1	1	1	1	1	1	1	1	1	1	1	1	1	1	1	1	1	1	1	1	1	1	1	1	1	1	1	1	1	1	1	1	1	1	1	1	1	1	1	1	1	1	0	1	1	1	1	1	1	1	1	1	1	1	1	1	1	1	1
81	12.460093	1	1	1	1	1	1	1	1	1	1	1	1	1	1	1	1	1	1	1	1	1	1	1	0	1	1	1	1	1	1	1	1	1	1	1	1	1	1	1	1	1	1	1	1	1	1	1	1	1	1	1	1	1	1	1	1	1	1	1	1	1	1	1	1	1	1	1	1	1	1	1	1	1	1	1	1	1	1	1	1	1	1	1	1	1	1	1	1	1	1	1	1	1	1	1	1
82	9.659173	1	1	1	1	1	1	1	1	1	1	1	1	1	1	1	1	1	1	1	1	1	1	1	0	1	1	1	1	1	1	1	1	1	1	1	1	1	1	1	1	1	1	0	1	1	1	1	1	1	1	1	1	1	1	1	1	1	1	1	1	1	1	1	1	1	1	1	1	1	1	1	1	1	1	1	1	1	1	1	1	1	1	1	1	1	1	1	1	1	1	1	1	1	1	1	1
83	.603578	1	0	0	1	1	1	0	0	1	1	0	0	1	1	1	1	0	0	1	1	1	0	1	0	1	1	1	1	1	1	1	1	1	0	1	0	1	1	1	1	1	1	0	1	1	1	1	1	1	0	1	1	1	1	1	1	1	1	1	1	1	1	0	1	1	1	1	0	1	1	1	1	1	0	1	0	1	1	1	1	0	1	1	1	1	1	1	1	0	1	1	1	0	1	1	1
84	3.501314	1	0	0	1	1	1	0	0	1	1	0	0	1	1	1	1	0	0	0	1	1	0	1	0	1	1	1	1	1	1	1	1	1	0	1	0	1	0	1	1	1	1	0	1	1	1	1	1	1	0	1	1	1	1	1	1	1	1	1	1	1	1	0	1	1	1	1	0	1	1	1	1	1	0	1	0	1	1	1	1	0	1	1	1	1	1	1	1	0	1	1	1	0	1	1	1
85	2.257286	1	0	0	1	1	1	0	0	1	1	0	0	1	1	1	1	0	0	0	1	1	0	1	0	0	1	1	1	1	1	1	1	1	0	1	0	1	0	1	1	1	1	0	1	1	1	0	1	1	0	1	1	1	1	1	1	1	1	1	1	1	1	0	1	1	1	1	0	1	1	1	1	1	0	1	0	1	1	1	1	0	1	1	1	1	1	1	1	0	1	1	1	0	1	1	1
86	.490876	1	0	0	1	1	1	0	0	1	1	0	0	1	1	1	1	0	0	0	1	1	0	1	0	0	1	1	1	1	1	0	1	0	0	1	0	1	0	1	1	1	1	0	1	1	1	0	1	0	0	1	1	1	0	1	1	0	0	1	1	1	1	0	1	1	1	1	0	1	1	1	1	1	0	1	0	1	1	1	1	0	1	1	1	1	1	1	0	0	1	1	1	0	1	1	1
87	2.006065	1	0	0	1	1	1	0	0	1	1	0	0	1	1	1	1	0	0	0	1	1	0	1	0	0	1	1	1	1	1	0	1	0	0	1	0	1	0	1	1	1	1	0	1	1	1	0	1	0	0	1	1	1	0	1	1	0	0	1	1	1	1	0	1	1	1	1	0	1	1	1	1	1	0	1	0	1	1	1	1	0	1	1	1	1	1	1	0	0	1	1	0	0	1	1	1
88	2.037864	1	0	0	1	1	1	0	0	1	0	0	0	1	1	1	1	0	0	0	1	1	0	1	0	0	1	1	1	1	1	0	1	0	0	1	0	1	0	1	1	1	1	0	1	1	1	0	1	0	0	1	1	1	0	1	1	0	0	1	1	1	1	0	1	1	1	0	0	1	1	1	1	1	0	1	0	1	1	1	1	0	1	1	1	1	1	1	0	0	1	1	0	0	1	1	1
89	16.650286	1	1	1	1	1	1	1	1	1	1	1	1	1	1	1	1	1	1	1	1	1	1	1	1	1	1	1	1	1	1	1	1	1	1	1	1	1	1	1	1	1	1	0	1	1	1	1	1	1	1	1	1	1	1	1	1	1	1	1	1	1	1	1	1	1	1	1	1	1	1	1	1	1	1	1	1	1	1	1	1	1	1	1	1	1	1	1	1	1	1	1	1	1	1	1	1
90	8.702559	1	0	0	1	1	1	0	0	1	1	0	0	1	1	1	1	0	0	0	1	1	0	1	1	0	1	1	1	1	1	0	1	0	0	1	0	1	0	1	1	1	1	0	1	1	1	0	1	0	0	1	1	1	0	1	1	0	0	1	1	1	1	0	1	1	1	1	0	1	1	1	1	1	0	1	0	1	1	1	1	0	1	1	1	1	1	1	0	0	1	1	0	0	1	1	1
91	43.168377	1	1	1	1	1	1	1	1	1	1	1	1	1	1	1	1	1	1	1	1	1	1	1	1	1	1	1	1	1	1	1	1	1	1	1	0	1	1	1	1	1	1	1	1	1	1	1	1	1	1	1	1	1	1	1	1	1	1	1	1	1	1	1	1	1	1	1	1	1	1	1	1	1	1	1	1	1	1	1	1	1	1	1	1	1	1	1	1	1	1	1	1	1	1	1	1
92	14.200246	1	1	1	1	1	1	1	1	1	1	1	1	1	1	1	1	1	0	1	1	1	1	1	1	1	1	1	1	1	1	1	1	1	1	1	1	1	1	1	1	1	1	1	1	1	1	1	1	1	1	1	1	1	1	1	1	1	1	1	1	1	1	1	1	1	1	1	1	1	1	1	1	1	1	1	1	1	1	1	1	1	1	1	1	1	1	1	1	1	1	1	1	1	1	1	1
93	17.759291	1	0	1	1	1	1	1	1	1	1	1	1	1	1	1	1	1	1	1	1	1	1	1	1	1	1	1	1	1	1	1	1	1	1	1	1	1	1	1	1	1	1	1	1	1	1	1	1	1	1	1	1	1	1	1	1	1	1	1	1	1	1	1	1	1	1	1	1	1	1	1	1	1	1	1	1	1	1	1	1	1	1	1	1	1	1	1	1	1	1	1	1	1	1	1	1
94	.8934	1	0	0	1	1	1	0	0	1	0	0	0	1	1	1	1	0	1	0	1	1	0	1	1	0	1	1	1	1	1	0	1	0	0	1	1	1	0	1	1	1	1	1	1	1	1	0	1	0	0	1	1	1	0	1	1	0	0	1	1	1	1	0	1	1	1	0	0	1	1	1	1	1	0	1	0	1	1	1	1	0	1	1	1	1	1	1	0	0	1	1	0	0	1	1	1
95	.489164	1	0	0	1	1	1	0	0	1	0	0	0	1	1	1	1	0	1	0	1	1	0	1	1	0	1	1	1	1	1	0	1	0	0	1	1	1	0	1	1	1	1	1	1	1	1	0	1	0	0	1	1	1	0	1	1	0	0	1	1	1	1	0	0	1	1	0	0	1	1	1	1	1	0	0	0	1	1	1	1	0	1	1	1	1	1	1	0	0	1	1	0	0	1	1	1
96	17.679506	1	1	1	1	1	1	1	1	1	1	1	0	1	1	1	1	1	1	1	1	1	1	1	1	1	1	1	1	1	1	1	1	1	1	1	1	1	1	1	1	1	1	1	1	1	1	1	1	1	1	1	1	1	1	1	1	1	1	1	1	1	1	1	1	1	1	1	1	1	1	1	1	1	1	1	1	1	1	1	1	1	1	1	1	1	1	1	1	1	1	1	1	1	1	1	1
97	.01487	1	1	0	1	1	1	0	0	1	1	0	0	1	1	1	1	0	1	0	1	1	0	1	1	1	1	1	1	1	1	1	1	1	0	1	1	1	0	1	1	1	1	1	1	1	1	0	1	1	0	1	1	1	1	1	1	1	1	1	1	1	1	0	1	1	1	1	0	1	1	1	1	1	0	1	0	1	1	1	1	0	1	1	1	1	1	1	1	0	1	1	1	0	1	1	1
98	1.045694	1	1	0	1	1	1	0	0	1	1	0	0	1	1	1	1	0	1	0	1	1	0	1	1	0	1	1	1	1	1	1	1	0	0	1	1	1	0	1	1	1	1	1	1	1	1	0	1	0	0	1	1	1	1	1	1	1	0	1	1	1	1	0	1	1	1	1	0	1	1	1	1	1	0	1	0	1	1	1	1	0	1	1	1	1	1	1	1	0	1	1	1	0	1	1	1
99	.01685	1	1	0	1	1	1	0	0	1	1	0	0	1	1	1	1	0	1	0	1	1	0	1	1	0	1	1	1	1	1	0	1	0	0	1	1	1	0	1	1	1	1	1	1	1	1	0	1	0	0	1	1	1	0	1	1	0	0	1	1	1	1	0	1	1	1	1	0	1	1	1	1	1	0	1	0	1	1	1	1	0	1	1	1	1	1	1	0	0	1	1	0	0	1	1	1
100	.072248	1	1	0	1	1	1	0	0	1	0	0	0	1	1	1	1	0	1	0	1	1	0	1	1	0	1	1	1	1	1	0	1	0	0	1	1	1	0	1	1	1	1	1	1	1	1	0	1	0	0	1	1	1	0	1	1	0	0	1	1	1	1	0	1	1	1	1	0	1	1	1	1	1	0	1	0	1	1	1	1	0	1	1	1	1	1	1	0	0	1	1	0	0	1	1	1
101	22.983828	1	1	1	1	1	1	1	1	1	1	0	1	1	1	1	1	1	1	1	1	1	1	1	1	1	1	1	1	1	1	1	1	1	1	1	1	1	1	1	1	1	1	1	1	1	1	1	1	1	1	1	1	1	1	1	1	1	1	1	1	1	1	1	1	1	1	1	1	1	1	1	1	1	1	1	1	1	1	1	1	1	1	1	1	1	1	1	1	1	1	1	1	1	1	1	1
102	1.138724	1	1	0	1	1	1	0	0	1	1	0	1	1	1	1	1	0	1	1	1	1	0	1	1	1	1	1	1	1	1	1	1	1	0	1	1	1	1	1	1	1	1	1	1	1	1	1	1	1	0	1	1	1	1	1	1	1	1	1	1	1	1	0	1	1	1	1	0	1	1	1	1	1	0	1	0	1	1	1	1	0	1	1	1	1	1	1	1	0	1	1	1	0	1	1	1
103	1.738768	1	1	0	1	1	1	0	0	1	1	0	1	1	1	1	1	0	1	0	1	1	0	1	1	1	1	1	1	1	1	1	1	1	0	1	1	1	0	1	1	1	1	1	1	1	1	0	1	1	0	1	1	1	1	1	1	1	1	1	1	1	1	0	1	1	1	1	0	1	1	1	1	1	0	1	0	1	1	1	1	0	1	1	1	1	1	1	1	0	1	1	1	0	1	1	1
104	4.467372	1	1	0	1	1	1	0	0	1	1	0	1	1	1	1	1	0	1	0	1	1	0	1	1	0	1	1	1	1	1	1	1	1	0	1	1	1	0	1	1	1	1	1	1	1	1	0	1	0	0	1	1	1	1	1	1	1	0	1	1	1	1	0	1	1	1	1	0	1	1	1	1	1	0	1	0	1	1	1	1	0	1	1	1	1	1	1	1	0	1	1	1	0	1	1	1
105	.015068	1	1	0	1	1	1	0	0	1	1	0	1	1	1	1	1	0	1	0	1	1	0	1	1	0	1	1	1	1	1	1	1	0	0	1	1	1	0	1	1	1	1	1	1	1	1	0	1	0	0	1	1	1	1	1	1	1	0	1	1	1	1	0	1	1	1	1	0	1	1	1	1	1	0	1	0	1	1	1	1	0	1	1	1	1	1	1	1	0	1	1	1	0	1	1	1
106	3.346955	1	1	0	1	1	1	0	0	1	1	0	1	1	1	1	1	0	1	0	1	1	0	1	1	0	1	1	1	1	1	0	1	0	0	1	1	1	0	1	1	1	1	1	1	1	1	0	1	0	0	1	1	1	0	1	1	0	0	1	1	1	1	0	1	1	1	1	0	1	1	1	1	1	0	1	0	1	1	1	1	0	1	1	1	1	1	1	0	0	1	1	0	0	1	1	1
107	17.665976	1	1	1	1	1	1	1	1	1	1	1	1	1	1	1	1	0	1	1	1	1	1	1	1	1	1	1	1	1	1	1	1	1	1	1	1	1	1	1	1	1	1	1	1	1	1	1	1	1	1	1	1	1	1	1	1	1	1	1	1	1	1	1	1	1	1	1	1	1	1	1	1	1	1	1	1	1	1	1	1	1	1	1	1	1	1	1	1	1	1	1	1	1	1	1	1
108	.469655	1	1	1	1	1	1	1	1	1	1	1	1	1	1	1	1	0	1	1	1	1	1	1	1	1	1	1	1	1	1	1	1	1	1	1	1	1	1	1	1	1	1	1	1	1	1	1	1	1	1	1	1	1	1	1	1	1	1	1	1	1	1	1	1	1	1	1	1	1	1	1	1	1	1	1	1	1	1	1	1	1	1	1	1	1	1	1	1	1	1	1	1	0	1	1	1
109	.014827	1	1	0	1	1	1	0	0	1	1	1	1	1	1	1	1	0	1	1	1	1	0	1	1	1	1	1	1	1	1	1	1	1	0	1	1	1	1	1	1	1	1	1	1	1	1	1	1	1	0	1	1	1	1	1	1	1	1	1	1	1	1	0	1	1	1	1	0	1	1	1	1	1	0	1	0	1	1	1	1	0	1	1	1	1	1	1	1	0	1	1	1	0	1	1	1
110	.015046	1	1	0	1	1	1	0	0	1	1	1	1	1	1	1	1	0	1	0	1	1	0	1	1	1	1	1	1	1	1	1	1	1	0	1	1	1	1	1	1	1	1	1	1	1	1	1	1	1	0	1	1	1	1	1	1	1	1	1	1	1	1	0	1	1	1	1	0	1	1	1	1	1	0	1	0	1	1	1	1	0	1	1	1	1	1	1	1	0	1	1	1	0	1	1	1
111	.02011	1	1	0	1	1	1	0	0	1	1	1	1	1	1	1	1	0	1	0	1	1	0	1	1	1	1	1	1	1	1	1	1	1	0	1	1	1	0	1	1	1	1	1	1	1	1	0	1	1	0	1	1	1	1	1	1	1	1	1	1	1	1	0	1	1	1	1	0	1	1	1	1	1	0	1	0	1	1	1	1	0	1	1	1	1	1	1	1	0	1	1	1	0	1	1	1
112	.018836	1	1	0	1	1	1	0	0	1	1	1	1	1	1	1	1	0	1	0	1	1	0	1	1	0	1	1	1	1	1	1	1	1	0	1	1	1	0	1	1	1	1	1	1	1	1	0	1	1	0	1	1	1	1	1	1	1	1	1	1	1	1	0	1	1	1	1	0	1	1	1	1	1	0	1	0	1	1	1	1	0	1	1	1	1	1	1	1	0	1	1	1	0	1	1	1
113	.018989	1	1	0	1	1	1	0	0	1	1	1	1	1	1	1	1	0	1	0	1	1	0	1	1	0	1	1	1	1	1	1	1	1	0	1	1	1	0	1	1	1	1	1	1	1	1	0	1	0	0	1	1	1	1	1	1	1	0	1	1	1	1	0	1	1	1	1	0	1	1	1	1	1	0	1	0	1	1	1	1	0	1	1	1	1	1	1	1	0	1	1	1	0	1	1	1
114	.019825	1	1	0	1	1	1	0	0	1	1	1	1	1	1	1	1	0	1	0	1	1	0	1	1	0	1	1	1	1	1	1	1	0	0	1	1	1	0	1	1	1	1	1	1	1	1	0	1	0	0	1	1	1	1	1	1	1	0	1	1	1	1	0	1	1	1	1	0	1	1	1	1	1	0	1	0	1	1	1	1	0	1	1	1	1	1	1	1	0	1	1	1	0	1	1	1
115	.018031	1	1	0	1	1	1	0	0	1	1	1	1	1	1	1	1	0	1	0	1	1	0	1	1	0	1	1	1	1	1	0	1	0	0	1	1	1	0	1	1	1	1	1	1	1	1	0	1	0	0	1	1	1	0	1	1	0	0	1	1	1	1	0	1	1	1	1	0	1	1	1	1	1	0	1	0	1	1	1	1	0	1	1	1	1	1	1	0	0	1	1	1	0	1	1	1
116	.022007	1	1	0	1	1	1	0	0	1	1	1	1	1	1	1	1	0	1	0	1	1	0	1	1	0	1	1	1	1	1	0	1	0	0	1	1	1	0	1	1	1	1	1	1	1	1	0	1	0	0	1	1	1	0	1	1	0	0	1	1	1	1	0	1	1	1	1	0	1	1	1	1	1	0	1	0	1	1	1	1	0	1	1	1	1	1	1	0	0	1	1	0	0	1	1	1
117	.015921	1	1	0	1	1	1	0	0	1	0	1	1	1	1	1	1	0	1	0	1	1	0	1	1	0	1	1	1	1	1	0	1	0	0	1	1	1	0	1	1	1	1	1	1	1	1	0	1	0	0	1	1	1	0	1	1	0	0	1	1	1	1	0	1	1	1	1	0	1	1	1	1	1	0	1	0	1	1	1	1	0	1	1	1	1	1	1	0	0	1	1	0	0	1	1	1
118	.01611	1	1	0	1	1	1	0	0	1	0	1	1	1	1	1	1	0	1	0	1	1	0	1	1	0	1	1	1	1	1	0	1	0	0	1	1	1	0	1	1	1	1	1	1	1	1	0	1	0	0	1	1	1	0	1	1	0	0	1	1	1	1	0	1	1	1	0	0	1	1	1	1	1	0	1	0	1	1	1	1	0	1	1	1	1	1	1	0	0	1	1	0	0	1	1	1
119	.128509	1	1	0	1	1	1	0	0	1	0	1	1	1	1	1	1	0	1	0	1	1	0	1	1	0	1	1	1	1	1	0	1	0	0	1	1	1	0	1	1	1	1	1	1	1	1	0	1	0	0	1	1	1	0	1	1	0	0	1	1	1	1	0	0	1	1	0	0	1	1	1	1	1	0	0	0	1	1	1	1	0	1	1	1	1	1	1	0	0	1	1	0	0	1	1	1
120	8.461891	1	1	1	1	1	1	1	1	1	1	1	1	1	1	1	1	1	1	1	1	1	1	1	1	1	1	1	1	1	1	1	1	1	1	1	1	1	1	1	1	1	1	1	1	1	1	1	1	1	1	1	1	1	1	1	1	1	1	1	1	1	1	1	1	1	1	1	1	1	1	1	1	1	1	1	1	1	1	1	1	1	1	1	1	1	1	1	1	1	1	1	1	0	1	1	1
121	8.399631	1	1	1	1	1	1	1	1	1	1	1	1	1	1	1	1	1	1	1	1	1	1	1	1	1	1	1	1	1	1	1	1	1	1	1	1	1	1	1	1	1	1	1	1	1	1	1	1	1	0	1	1	1	1	1	1	1	1	1	1	1	1	1	1	1	1	1	1	1	1	1	1	1	1	1	1	1	1	1	1	1	1	1	1	1	1	1	1	1	1	1	1	0	1	1	1
122	.01715	1	1	0	1	1	1	0	0	1	1	1	1	1	1	1	1	1	1	0	1	1	0	1	1	1	1	1	1	1	1	1	1	1	0	1	1	1	0	1	1	1	1	1	1	1	1	0	1	1	0	1	1	1	1	1	1	1	1	1	1	1	1	0	1	1	1	1	0	1	1	1	1	1	0	1	0	1	1	1	1	0	1	1	1	1	1	1	1	0	1	1	1	0	1	1	1
123	.015885	1	1	0	1	1	1	0	0	1	1	1	1	1	1	1	1	1	1	0	1	1	0	1	1	0	1	1	1	1	1	1	1	1	0	1	1	1	0	1	1	1	1	1	1	1	1	0	1	1	0	1	1	1	1	1	1	1	1	1	1	1	1	0	1	1	1	1	0	1	1	1	1	1	0	1	0	1	1	1	1	0	1	1	1	1	1	1	1	0	1	1	1	0	1	1	1
124	1.000805	1	1	0	1	1	1	0	0	1	1	1	1	1	1	1	1	1	1	0	1	1	0	1	1	0	1	1	1	1	1	1	1	1	0	1	1	1	0	1	1	1	1	1	1	1	1	0	1	0	0	1	1	1	1	1	1	1	0	1	1	1	1	0	1	1	1	1	0	1	1	1	1	1	0	1	0	1	1	1	1	0	1	1	1	1	1	1	1	0	1	1	1	0	1	1	1
125	.015625	1	1	0	1	1	1	0	0	1	1	1	1	1	1	1	1	1	1	0	1	1	0	1	1	0	1	1	1	1	1	1	1	0	0	1	1	1	0	1	1	1	1	1	1	1	1	0	1	0	0	1	1	1	1	1	1	1	0	1	1	1	1	0	1	1	1	1	0	1	1	1	1	1	0	1	0	1	1	1	1	0	1	1	1	1	1	1	1	0	1	1	1	0	1	1	1
126	2.536579	1	1	0	1	1	1	0	0	1	1	1	1	1	1	1	1	1	1	0	1	1	0	1	1	0	1	1	1	1	1	0	1	0	0	1	1	1	0	1	1	1	1	1	1	1	1	0	1	0	0	1	1	1	0	1	1	0	0	1	1	1	1	0	1	1	1	1	0	1	1	1	1	1	0	1	0	1	1	1	1	0	1	1	1	1	1	1	0	0	1	1	0	0	1	1	1
127	5.822624	1	1	1	1	1	1	1	1	1	1	1	1	1	1	1	1	1	1	1	1	1	1	1	1	1	1	1	1	1	1	1	1	1	1	1	1	1	1	1	1	1	1	1	1	1	1	1	1	1	0	1	1	1	1	1	1	1	1	1	1	1	1	1	1	1	1	1	1	1	1	1	1	1	1	1	1	1	1	1	1	1	1	1	1	1	1	1	1	1	1	1	1	1	1	1	1
128	.015975	1	1	0	1	1	1	0	0	1	1	1	1	1	1	1	1	1	1	0	1	1	0	1	1	1	1	1	1	1	1	1	1	1	0	1	1	1	0	1	1	1	1	1	1	1	1	0	1	1	0	1	1	1	1	1	1	1	1	1	1	1	1	0	1	1	1	1	0	1	1	1	1	1	0	1	0	1	1	1	1	0	1	1	1	1	1	1	1	0	1	1	1	1	1	1	1
129	.014938	1	1	0	1	1	1	0	0	1	1	1	1	1	1	1	1	1	1	0	1	1	0	1	1	0	1	1	1	1	1	1	1	1	0	1	1	1	0	1	1	1	1	1	1	1	1	0	1	1	0	1	1	1	1	1	1	1	1	1	1	1	1	0	1	1	1	1	0	1	1	1	1	1	0	1	0	1	1	1	1	0	1	1	1	1	1	1	1	0	1	1	1	1	1	1	1
130	.155964	1	1	0	1	1	1	0	0	1	1	1	1	1	1	1	1	1	1	0	1	1	0	1	1	0	1	1	1	1	1	0	1	0	0	1	1	1	0	1	1	1	1	1	1	1	1	0	1	0	0	1	1	1	0	1	1	0	0	1	1	1	1	0	1	1	1	1	0	1	1	1	1	1	0	1	0	1	1	1	1	0	1	1	1	1	1	1	0	0	1	1	0	1	1	1	1
131	25.946121	1	1	1	1	1	1	1	1	1	1	1	1	1	1	1	1	1	1	1	1	1	1	1	1	1	1	1	1	1	1	1	1	1	1	1	1	1	1	1	1	1	1	1	1	1	1	1	1	1	1	1	1	1	1	1	1	1	1	1	1	1	1	1	1	1	1	1	1	1	1	1	1	1	0	1	1	1	1	1	1	1	1	1	1	1	1	1	1	1	1	1	1	1	1	1	1
132	1.968635	1	1	0	1	1	1	0	0	1	1	1	1	1	1	1	1	1	1	1	1	1	0	1	1	1	1	1	1	1	1	1	1	1	0	1	1	1	1	1	1	1	1	1	1	1	1	1	1	1	1	1	1	1	1	1	1	1	1	1	1	1	1	0	1	1	1	1	0	1	1	1	1	1	0	1	0	1	1	1	1	0	1	1	1	1	1	1	1	0	1	1	1	1	1	1	1
133	.015765	1	1	0	1	1	1	0	0	1	1	1	1	1	1	1	1	1	1	0	1	1	0	1	1	1	1	1	1	1	1	1	1	1	0	1	1	1	0	1	1	1	1	1	1	1	1	0	1	1	1	1	1	1	1	1	1	1	1	1	1	1	1	0	1	1	1	1	0	1	1	1	1	1	0	1	0	1	1	1	1	0	1	1	1	1	1	1	1	0	1	1	1	1	1	1	1
134	2.061319	1	1	0	1	1	1	0	0	1	1	1	1	1	1	1	1	1	1	0	1	1	0	1	1	0	1	1	1	1	1	1	1	1	0	1	1	1	0	1	1	1	1	1	1	1	1	0	1	1	1	1	1	1	1	1	1	1	1	1	1	1	1	0	1	1	1	1	0	1	1	1	1	1	0	1	0	1	1	1	1	0	1	1	1	1	1	1	1	0	1	1	1	1	1	1	1
135	13.796143	1	1	1	1	1	1	0	1	1	1	1	1	1	1	1	1	1	1	1	1	1	1	1	1	1	1	1	1	1	1	1	1	1	1	1	1	1	1	1	1	1	1	1	1	1	1	1	1	1	1	1	1	1	1	1	1	1	1	1	1	1	1	1	1	1	1	1	1	1	1	1	1	1	1	1	1	1	1	1	1	1	1	1	1	1	1	1	1	1	1	1	1	1	1	1	1
136	.766402	1	1	1	1	1	1	0	1	1	1	1	1	1	1	1	1	1	1	1	1	1	1	1	1	1	1	1	1	1	1	1	1	1	1	1	1	1	1	1	1	1	1	1	1	1	1	1	1	1	1	1	1	1	1	1	1	1	1	1	1	1	1	1	1	1	1	1	0	1	1	1	1	1	1	1	1	1	1	1	1	1	1	1	1	1	1	1	1	1	1	1	1	1	1	1	1
137	2.252777	1	1	0	1	1	1	0	0	1	1	1	1	1	1	1	1	1	1	1	1	1	0	1	1	1	1	1	1	1	1	1	1	1	0	1	1	1	1	1	1	1	1	1	1	1	1	1	1	1	1	1	1	1	1	1	1	1	1	1	1	1	1	0	1	1	1	1	0	1	1	1	1	1	1	1	0	1	1	1	1	0	1	1	1	1	1	1	1	0	1	1	1	1	1	1	1
138	.016345	1	1	0	1	1	1	0	0	1	1	1	1	1	1	1	1	1	1	0	1	1	0	1	1	1	1	1	1	1	1	1	1	1	0	1	1	1	0	1	1	1	1	1	1	1	1	0	1	1	1	1	1	1	1	1	1	1	1	1	1	1	1	0	1	1	1	1	0	1	1	1	1	1	1	1	0	1	1	1	1	0	1	1	1	1	1	1	1	0	1	1	1	1	1	1	1
139	.015753	1	1	0	1	1	1	0	0	1	1	1	1	1	1	1	1	1	1	0	1	1	0	1	1	0	1	1	1	1	1	1	1	1	0	1	1	1	0	1	1	1	1	1	1	1	1	0	1	1	1	1	1	1	1	1	1	1	1	1	1	1	1	0	1	1	1	1	0	1	1	1	1	1	1	1	0	1	1	1	1	0	1	1	1	1	1	1	1	0	1	1	1	1	1	1	1
140	.147193	1	1	0	1	1	1	0	0	1	1	1	1	1	1	1	1	1	1	0	1	1	0	1	1	0	1	1	1	1	1	1	1	0	0	1	1	1	0	1	1	1	1	1	1	1	1	0	1	0	1	1	1	1	1	1	1	1	0	1	1	1	1	0	1	1	1	1	0	1	1	1	1	1	1	1	0	1	1	1	1	0	1	1	1	1	1	1	1	0	1	1	1	1	1	1	1
141	1.157863	1	1	0	1	1	1	0	0	1	1	1	1	1	1	1	1	1	1	0	1	1	0	1	1	0	1	1	1	1	1	0	1	0	0	1	1	1	0	1	1	1	1	1	1	1	1	0	1	0	1	1	1	1	0	1	1	0	0	1	1	1	1	0	1	1	1	1	0	1	1	1	1	1	1	1	0	1	1	1	1	0	1	1	1	1	1	1	0	0	1	1	0	1	1	1	1
142	16.816072	1	1	1	1	1	1	1	1	1	1	1	1	1	1	1	1	1	1	1	1	1	1	1	1	1	1	1	1	1	1	1	1	1	1	1	1	1	1	1	1	1	1	1	1	1	1	1	1	1	1	1	1	1	1	1	1	1	1	1	1	1	1	1	1	1	1	1	0	1	1	1	1	1	1	1	1	1	1	1	1	1	1	1	1	1	1	1	1	1	1	1	1	1	1	1	1
143	.113887	1	1	0	1	1	1	1	0	1	1	1	1	1	1	1	1	1	1	1	1	1	0	1	1	1	1	1	1	1	1	1	1	1	1	1	1	1	1	1	1	1	1	1	1	1	1	1	1	1	1	1	1	1	1	1	1	1	1	1	1	1	1	1	1	1	1	1	0	1	1	1	1	1	1	1	0	1	1	1	1	1	1	1	1	1	1	1	1	0	1	1	1	1	1	1	1
144	3.768949	1	1	0	1	1	1	1	0	1	1	1	1	1	1	1	1	1	1	1	1	1	0	1	1	1	1	1	1	1	1	1	1	1	0	1	1	1	1	1	1	1	1	1	1	1	1	1	1	1	1	1	1	1	1	1	1	1	1	1	1	1	1	0	1	1	1	1	0	1	1	1	1	1	1	1	0	1	1	1	1	0	1	1	1	1	1	1	1	0	1	1	1	1	1	1	1
145	3.09988	1	1	0	1	1	1	1	0	1	1	1	1	1	1	1	1	1	1	0	1	1	0	1	1	1	1	1	1	1	1	1	1	1	0	1	1	1	1	1	1	1	1	1	1	1	1	1	1	1	1	1	1	1	1	1	1	1	1	1	1	1	1	0	1	1	1	1	0	1	1	1	1	1	1	1	0	1	1	1	1	0	1	1	1	1	1	1	1	0	1	1	1	1	1	1	1
146	1.929739	1	1	0	1	1	1	1	0	1	1	1	1	1	1	1	1	1	1	0	1	1	0	1	1	1	1	1	1	1	1	1	1	1	0	1	1	1	0	1	1	1	1	1	1	1	1	0	1	1	1	1	1	1	1	1	1	1	1	1	1	1	1	0	1	1	1	1	0	1	1	1	1	1	1	1	0	1	1	1	1	0	1	1	1	1	1	1	1	0	1	1	1	1	1	1	1
147	18.843782	1	1	1	1	1	1	1	0	1	1	1	1	1	1	1	1	1	1	1	1	1	1	1	1	1	1	1	1	1	1	1	1	1	1	1	1	1	1	1	1	1	1	1	1	1	1	1	1	1	1	1	1	1	1	1	1	1	1	1	1	1	1	1	1	1	1	1	1	1	1	1	1	1	1	1	1	1	1	1	1	1	1	1	1	1	1	1	1	1	1	1	1	1	1	1	1
148	1.782628	1	1	0	1	1	1	1	0	1	1	1	1	1	1	1	1	1	1	1	1	1	1	1	1	1	1	1	1	1	1	1	1	1	1	1	1	1	1	1	1	1	1	1	1	1	1	1	1	1	1	1	1	1	1	1	1	1	1	1	1	1	1	1	1	1	1	1	1	1	1	1	1	1	1	1	1	1	1	1	1	1	1	1	1	1	1	1	1	1	1	1	1	1	1	1	1
149	12.781606	1	1	0	1	1	1	1	0	1	1	1	1	1	1	1	1	1	1	1	1	1	0	1	1	1	1	1	1	1	1	1	1	1	0	1	1	1	1	1	1	1	1	1	1	1	1	1	1	1	1	1	1	1	1	1	1	1	1	1	1	1	1	0	1	1	1	1	1	1	1	1	1	1	1	1	0	1	1	1	1	1	1	1	1	1	1	1	1	0	1	1	1	1	1	1	1
150	3.321102	1	1	0	1	1	1	1	0	1	1	1	1	1	1	1	1	1	1	1	1	1	0	1	1	1	1	1	1	1	1	1	1	1	0	1	1	1	1	1	1	1	1	1	1	1	1	1	1	1	1	1	1	1	1	1	1	1	1	1	1	1	1	0	1	1	1	1	1	1	1	1	1	1	1	1	0	1	1	1	1	0	1	1	1	1	1	1	1	0	1	1	1	1	1	1	1
151	1.901504	1	1	0	1	1	1	1	0	1	1	1	1	1	1	1	1	1	1	0	1	1	0	1	1	0	1	1	1	1	1	1	1	1	0	1	1	1	0	1	1	1	1	1	1	1	1	0	1	0	1	1	1	1	1	1	1	1	0	1	1	1	1	0	1	1	1	1	1	1	1	1	1	1	1	1	0	1	1	1	1	0	1	1	1	1	1	1	1	0	1	1	1	1	1	1	1
152	8.784264	1	1	0	1	1	1	1	1	1	1	1	1	1	1	1	1	1	1	1	1	1	1	1	1	1	1	1	1	1	1	1	1	1	1	1	1	1	1	1	1	1	1	1	1	1	1	1	1	1	1	1	1	1	1	1	1	1	1	1	1	1	1	1	1	1	1	1	1	1	1	1	1	1	1	1	1	1	1	1	1	1	1	1	1	1	1	1	1	1	1	1	1	1	1	1	1
153	4.403984	1	1	0	1	1	1	1	1	1	1	1	1	1	1	1	1	1	1	1	1	1	0	1	1	1	1	1	1	1	1	1	1	1	1	1	1	1	1	1	1	1	1	1	1	1	1	1	1	1	1	1	1	1	1	1	1	1	1	1	1	1	1	1	1	1	1	1	1	1	1	1	1	1	1	1	0	1	1	1	1	1	1	1	1	1	1	1	1	0	1	1	1	1	1	1	1
154	2.571203	1	1	0	1	1	1	1	1	1	1	1	1	1	1	1	1	1	1	1	1	1	0	1	1	1	1	1	1	1	1	1	1	1	0	1	1	1	1	1	1	1	1	1	1	1	1	1	1	1	1	1	1	1	1	1	1	1	1	1	1	1	1	1	1	1	1	1	1	1	1	1	1	1	1	1	0	1	1	1	1	1	1	1	1	1	1	1	1	0	1	1	1	1	1	1	1
155	7.776814	1	1	0	1	1	1	1	1	1	1	1	1	1	1	1	1	1	1	1	1	1	0	1	1	1	1	1	1	1	1	1	1	1	0	1	1	1	1	1	1	1	1	1	1	1	1	1	1	1	1	1	1	1	1	1	1	1	1	1	1	1	1	0	1	1	1	1	1	1	1	1	1	1	1	1	0	1	1	1	1	0	1	1	1	1	1	1	1	0	1	1	1	1	1	1	1
156	8.977901	1	1	0	1	1	1	1	1	1	1	1	1	1	1	1	1	1	1	0	1	1	0	1	1	1	1	1	1	1	1	1	1	1	0	1	1	1	1	1	1	1	1	1	1	1	1	1	1	1	1	1	1	1	1	1	1	1	1	1	1	1	1	0	1	1	1	1	1	1	1	1	1	1	1	1	0	1	1	1	1	0	1	1	1	1	1	1	1	0	1	1	1	1	1	1	1
157	7.316484	1	1	1	1	1	1	1	1	1	1	1	1	1	1	1	1	1	1	1	1	1	1	1	1	1	1	1	1	1	1	1	1	1	1	1	1	1	1	1	1	1	1	1	1	1	1	1	1	1	1	1	1	1	1	1	1	1	1	1	1	1	1	1	1	1	1	1	1	1	1	1	1	1	1	1	1	1	1	1	1	1	1	1	1	1	1	1	1	0	1	1	1	1	1	1	1
158	2.94391	1	1	1	1	1	1	1	1	1	1	1	1	1	1	1	1	1	1	1	1	1	0	1	1	1	1	1	1	1	1	1	1	1	0	1	1	1	1	1	1	1	1	1	1	1	1	1	1	1	1	1	1	1	1	1	1	1	1	1	1	1	1	1	1	1	1	1	1	1	1	1	1	1	1	1	0	1	1	1	1	1	1	1	1	1	1	1	1	0	1	1	1	1	1	1	1
159	3.556519	1	1	1	1	1	1	1	1	1	1	1	1	1	1	1	1	1	1	1	1	1	0	1	1	1	1	1	1	1	1	1	1	1	0	1	1	1	1	1	1	1	1	1	1	1	1	1	1	1	1	1	1	1	1	1	1	1	1	1	1	1	1	0	1	1	1	1	1	1	1	1	1	1	1	1	0	1	1	1	1	0	1	1	1	1	1	1	1	0	1	1	1	1	1	1	1
160	5.653787	1	1	1	1	1	1	1	1	1	1	1	1	1	1	1	1	1	1	1	1	1	1	1	1	1	1	1	1	1	1	1	1	1	1	1	1	1	1	1	1	1	1	1	1	1	1	1	1	1	1	1	1	1	1	1	1	1	1	1	1	1	1	1	1	1	1	1	1	1	1	1	1	1	1	1	0	1	1	1	1	1	1	1	1	1	1	1	1	1	1	1	1	1	1	1	1
161	9.480774	1	1	1	1	1	1	1	1	1	1	1	1	1	1	1	1	1	1	1	1	1	0	1	1	1	1	1	1	1	1	1	1	1	1	1	1	1	1	1	1	1	1	1	1	1	1	1	1	1	1	1	1	1	1	1	1	1	1	1	1	1	1	1	1	1	1	1	1	1	1	1	1	1	1	1	0	1	1	1	1	1	1	1	1	1	1	1	1	1	1	1	1	1	1	1	1
162	2.499782	1	1	1	1	1	1	1	1	1	1	1	1	1	1	1	1	1	1	1	1	1	0	1	1	1	1	1	1	1	1	1	1	1	0	1	1	1	1	1	1	1	1	1	1	1	1	1	1	1	1	1	1	1	1	1	1	1	1	1	1	1	1	0	1	1	1	1	1	1	1	1	1	1	1	1	0	1	1	1	1	0	1	1	1	1	1	1	1	1	1	1	1	1	1	1	1
163	.066616	1	1	1	1	1	1	1	1	1	1	1	1	1	1	1	1	1	1	0	1	1	0	1	1	1	1	1	1	1	1	1	1	1	0	1	1	1	1	1	1	1	1	1	1	1	1	1	1	1	1	1	1	1	1	1	1	1	1	1	1	1	1	0	1	1	1	1	1	1	1	1	1	1	1	1	0	1	1	1	1	0	1	1	1	1	1	1	1	1	1	1	1	1	1	1	1
164	2.88662	1	1	1	1	1	1	1	1	1	1	1	1	1	1	1	1	1	1	0	1	1	0	1	1	1	1	1	1	1	1	1	1	1	0	1	1	1	0	1	1	1	1	1	1	1	1	0	1	1	1	1	1	1	1	1	1	1	1	1	1	1	1	0	1	1	1	1	1	1	1	1	1	1	1	1	0	1	1	1	1	0	1	1	1	1	1	1	1	1	1	1	1	1	1	1	1
165	8.502217	1	1	1	1	1	1	1	1	1	1	1	1	1	1	1	1	1	1	1	1	1	0	1	1	1	1	1	1	1	1	1	1	1	1	1	1	1	1	1	1	1	1	1	1	1	1	1	1	1	1	1	1	1	1	1	1	1	1	1	1	1	1	1	1	1	1	1	1	1	1	1	1	1	1	1	1	1	1	1	1	1	1	1	1	1	1	1	1	1	1	1	1	1	1	1	1
166	4.981118	1	1	1	1	1	1	1	1	1	1	1	1	1	1	1	1	1	1	1	1	1	0	1	1	1	1	1	1	1	1	1	1	1	0	1	1	1	1	1	1	1	1	1	1	1	1	1	1	1	1	1	1	1	1	1	1	1	1	1	1	1	1	1	1	1	1	1	1	1	1	1	1	1	1	1	1	1	1	1	1	1	1	1	1	1	1	1	1	1	1	1	1	1	1	1	1
167	.944076	1	1	1	1	1	1	1	1	1	1	1	1	1	1	1	1	1	1	1	1	1	0	1	1	1	1	1	1	1	1	1	1	1	0	1	1	1	1	1	1	1	1	1	1	1	1	1	1	1	1	1	1	1	1	1	1	1	1	1	1	1	1	0	1	1	1	1	1	1	1	1	1	1	1	1	1	1	1	1	1	1	1	1	1	1	1	1	1	1	1	1	1	1	1	1	1
168	21.862906	1	1	1	1	1	1	1	1	1	1	1	1	1	1	1	1	1	1	1	1	1	1	1	1	1	1	1	1	1	1	1	1	1	0	1	1	1	1	1	1	1	1	1	1	1	1	1	1	1	1	1	1	1	1	1	1	1	1	1	1	1	1	1	1	1	1	1	1	1	1	1	1	1	1	1	1	1	1	1	1	1	1	1	1	1	1	1	1	1	1	1	1	1	1	1	1
169	2.276044	1	1	1	1	1	1	1	1	1	1	1	1	1	1	1	1	1	1	1	1	1	1	1	1	1	1	1	1	1	1	1	1	1	0	1	1	1	1	1	1	1	1	1	1	1	1	1	1	1	1	1	1	1	1	1	1	1	1	1	1	1	1	0	1	1	1	1	1	1	1	1	1	1	1	1	1	1	1	1	1	1	1	1	1	1	1	1	1	1	1	1	1	1	1	1	1
170	13.854732	1	1	1	1	1	1	1	1	1	1	1	1	1	1	1	1	1	1	1	1	1	1	1	1	1	1	1	1	1	1	1	1	1	1	1	1	1	1	1	1	1	1	1	1	1	1	1	1	1	1	1	1	1	1	1	1	1	1	1	1	1	1	0	1	1	1	1	1	1	1	1	1	1	1	1	1	1	1	1	1	1	1	1	1	1	1	1	1	1	1	1	1	1	1	1	1
171	24.542938	1	1	1	1	1	1	1	1	1	1	1	1	1	1	1	1	1	1	1	1	1	1	1	1	1	1	1	1	1	1	1	1	1	1	1	1	1	1	1	1	1	1	1	1	1	1	1	1	1	1	1	1	1	1	1	1	1	1	1	1	1	1	1	1	1	1	1	1	1	1	1	1	1	1	1	1	1	1	1	1	0	1	1	1	1	1	1	1	1	1	1	1	1	1	1	1
172	23.594	1	1	1	1	1	1	1	1	1	1	1	1	1	1	1	1	1	1	0	1	1	1	1	1	1	1	1	1	1	1	1	1	1	1	1	1	1	1	1	1	1	1	1	1	1	1	1	1	1	1	1	1	1	1	1	1	1	1	1	1	1	1	1	1	1	1	1	1	1	1	1	1	1	1	1	1	1	1	1	1	1	1	1	1	1	1	1	1	1	1	1	1	1	1	1	1
173	11.628031	1	1	1	1	1	1	1	1	1	1	1	1	1	1	1	1	1	1	1	1	1	1	1	1	1	1	1	1	1	1	1	1	1	1	1	1	1	0	1	1	1	1	1	1	1	1	1	1	1	1	1	1	1	1	1	1	1	1	1	1	1	1	1	1	1	1	1	1	1	1	1	1	1	1	1	1	1	1	1	1	1	1	1	1	1	1	1	1	1	1	1	1	1	1	1	1
174	10.806741	1	1	1	1	1	1	1	1	1	1	1	1	1	1	1	1	1	1	1	1	1	1	1	1	1	1	1	1	1	1	1	1	1	1	1	1	1	1	1	1	1	1	1	1	1	1	0	1	1	1	1	1	1	1	1	1	1	1	1	1	1	1	1	1	1	1	1	1	1	1	1	1	1	1	1	1	1	1	1	1	1	1	1	1	1	1	1	1	1	1	1	1	1	1	1	1
175	8.510401	1	1	1	1	1	1	1	1	1	1	1	1	1	1	1	1	1	1	1	1	1	1	1	1	0	1	1	1	1	1	1	1	1	1	1	1	1	1	1	1	1	1	1	1	1	1	0	1	1	1	1	1	1	1	1	1	1	1	1	1	1	1	1	1	1	1	1	1	1	1	1	1	1	1	1	1	1	1	1	1	1	1	1	1	1	1	1	1	1	1	1	1	1	1	1	1
176	13.377412	1	1	1	1	1	1	1	1	1	1	1	1	1	1	1	1	1	1	1	1	1	1	1	1	0	1	1	1	1	1	1	1	1	1	1	1	1	1	1	1	1	1	1	1	1	1	1	1	1	1	1	1	1	1	1	1	1	1	1	1	1	1	1	1	1	1	1	1	1	1	1	1	1	1	1	1	1	1	1	1	1	1	1	1	1	1	1	1	1	1	1	1	1	1	1	1
177	15.5188	1	1	1	1	1	1	1	1	1	1	1	1	1	1	1	1	1	1	1	1	1	1	1	1	1	1	1	1	1	1	1	1	1	1	1	1	1	1	1	1	1	1	1	1	1	1	1	1	0	1	1	1	1	1	1	1	1	1	1	1	1	1	1	1	1	1	1	1	1	1	1	1	1	1	1	1	1	1	1	1	1	1	1	1	1	1	1	1	1	1	1	1	1	1	1	1
178	5.264037	1	1	1	1	1	1	1	1	1	1	1	1	1	1	1	1	1	1	1	1	1	1	1	1	1	1	1	1	1	1	1	1	1	1	1	1	1	1	1	1	1	1	1	1	1	1	1	1	1	1	1	1	1	1	1	1	1	0	1	1	1	1	1	1	1	1	1	1	1	1	1	1	1	1	1	1	1	1	1	1	1	1	1	1	1	1	1	1	1	1	1	1	1	1	1	1
179	12.129028	1	1	1	1	1	1	1	1	1	1	1	1	1	1	1	1	1	1	1	1	1	1	1	1	1	1	1	1	1	1	1	1	0	1	1	1	1	1	1	1	1	1	1	1	1	1	1	1	1	1	1	1	1	1	1	1	1	0	1	1	1	1	1	1	1	1	1	1	1	1	1	1	1	1	1	1	1	1	1	1	1	1	1	1	1	1	1	1	1	1	1	1	1	1	1	1
180	2.846919	1	1	1	1	1	1	1	1	1	1	1	1	1	1	1	1	1	1	1	1	1	1	1	1	1	1	1	1	1	1	1	1	0	1	1	1	1	1	1	1	1	1	1	1	1	1	1	1	1	1	1	1	1	1	1	1	1	1	1	1	1	1	1	1	1	1	1	1	1	1	1	1	1	1	1	1	1	1	1	1	1	1	1	1	1	1	1	1	1	1	1	1	1	1	1	1
181	12.779121	1	1	1	1	1	1	1	1	1	1	1	1	1	1	1	1	1	1	1	1	1	1	1	1	1	1	1	1	1	1	1	1	1	1	1	1	1	1	1	1	1	1	1	1	1	1	1	1	1	1	1	1	1	1	1	1	0	1	1	1	1	1	1	1	1	1	1	1	1	1	1	1	1	1	1	1	1	1	1	1	1	1	1	1	1	1	1	1	1	1	1	1	1	1	1	1
182	11.548016	1	1	1	1	1	1	1	1	1	1	1	1	1	1	1	1	1	1	1	1	1	1	1	1	1	1	1	1	1	1	1	1	1	1	1	1	1	1	1	1	1	1	1	1	1	1	1	1	1	1	1	1	1	0	1	1	1	1	1	1	1	1	1	1	1	1	1	1	1	1	1	1	1	1	1	1	1	1	1	1	1	1	1	1	1	1	1	1	1	1	1	1	1	1	1	1
183	26.068521	1	1	1	1	1	1	1	1	1	1	1	1	1	1	1	1	1	1	1	1	1	1	1	1	1	1	1	1	1	1	1	1	1	1	1	1	1	1	1	1	1	1	1	1	1	1	1	1	1	1	1	1	1	1	1	1	1	1	1	1	1	1	1	1	1	1	1	1	1	1	1	1	1	1	1	1	1	1	1	1	1	1	1	1	1	1	1	0	1	1	1	1	1	1	1	1
184	42.651146	1	1	1	1	1	1	1	1	1	1	1	1	1	1	1	1	1	1	1	1	1	1	1	1	1	1	1	1	1	1	0	1	1	1	1	1	1	1	1	1	1	1	1	1	1	1	1	1	1	1	1	1	1	1	1	1	1	1	1	1	1	1	1	1	1	1	1	1	1	1	1	1	1	1	1	1	1	1	1	1	1	1	1	1	1	1	1	1	1	1	1	1	1	1	1	1
185	29.763033	1	1	1	1	1	1	1	1	1	1	1	1	1	1	1	1	1	1	1	1	1	1	1	1	1	1	1	1	1	1	1	1	1	1	1	1	1	1	1	1	1	1	1	1	1	1	1	1	1	1	1	1	1	1	1	1	1	1	1	1	1	1	1	1	1	1	1	1	1	1	1	1	1	1	1	1	1	1	1	1	1	1	1	1	1	1	1	1	1	1	1	0	1	1	1	1
186	13.897042	1	1	1	1	1	1	1	1	1	0	1	1	1	1	1	1	1	1	1	1	1	1	1	1	1	1	1	1	1	1	1	1	1	1	1	1	1	1	1	1	1	1	1	1	1	1	1	1	1	1	1	1	1	1	1	1	1	1	1	1	1	1	1	1	1	1	1	1	1	1	1	1	1	1	1	1	1	1	1	1	1	1	1	1	1	1	1	1	1	1	1	1	1	1	1	1
187	20.006886	1	1	1	1	1	1	1	1	1	1	1	1	1	1	1	1	1	1	1	1	1	1	1	1	1	1	1	1	1	1	1	1	1	1	1	1	1	1	1	1	1	1	1	1	1	1	1	1	1	1	1	1	1	1	1	1	1	1	1	1	1	1	1	1	1	1	0	1	1	1	1	1	1	1	1	1	1	1	1	1	1	1	1	1	1	1	1	1	1	1	1	1	1	1	1	1
188	12.730782	1	1	1	1	1	1	1	1	1	1	1	1	1	1	1	1	1	1	1	1	1	1	1	1	1	1	1	1	1	1	1	1	1	1	1	1	1	1	1	1	1	1	1	1	1	1	1	1	1	1	1	1	1	1	1	1	1	1	1	1	1	1	1	0	1	1	1	1	1	1	1	1	1	1	1	1	1	1	1	1	1	1	1	1	1	1	1	1	1	1	1	1	1	1	1	1
189	12.363685	1	1	1	1	1	1	1	1	1	1	1	1	1	1	1	1	1	1	1	1	1	1	1	1	1	1	1	1	1	1	1	1	1	1	1	1	1	1	1	1	1	1	1	1	1	1	1	1	1	1	1	1	1	1	1	1	1	1	1	1	1	1	1	1	1	1	1	1	1	1	1	1	1	1	0	1	1	1	1	1	1	1	1	1	1	1	1	1	1	1	1	1	1	1	1	1
190	.253224	1	1	1	1	1	1	1	1	0	1	1	1	1	1	0	0	1	1	1	1	1	1	0	1	1	0	0	1	1	0	1	1	1	1	1	1	0	1	1	0	0	1	1	0	0	1	1	1	1	1	0	1	0	1	1	1	1	1	0	0	1	1	1	1	1	1	1	1	1	1	0	1	0	1	0	1	1	0	1	1	1	0	0	1	0	0	0	1	1	1	1	1	1	0	0	0
191	11.193604	1	1	1	1	1	1	1	1	1	1	1	1	1	1	1	1	1	1	1	1	1	1	1	1	1	1	1	1	1	1	1	1	1	1	1	1	1	1	1	1	1	1	1	1	1	1	1	1	1	1	1	1	1	1	1	1	1	1	1	1	1	1	1	1	1	1	1	1	1	1	1	1	1	1	1	1	1	0	1	1	1	1	1	1	1	1	1	1	1	1	1	1	1	1	1	1
192	.373429	1	1	1	1	1	1	1	1	0	1	1	1	1	1	0	0	1	1	1	1	1	1	0	1	1	0	0	1	1	0	1	1	1	1	1	1	0	1	1	0	0	1	1	0	0	1	1	0	1	1	0	1	0	1	1	1	1	1	0	0	1	1	1	1	1	1	1	1	1	1	0	1	0	1	1	1	1	0	1	1	1	0	0	1	0	0	0	1	1	1	1	1	1	0	0	0
193	9.310952	1	1	1	1	1	1	1	1	1	1	1	1	1	1	1	1	1	1	1	1	1	1	1	1	1	1	1	1	1	1	1	1	1	1	1	1	1	1	1	1	1	1	1	1	1	1	1	1	1	1	1	1	1	1	1	1	1	1	1	1	1	1	1	1	1	1	1	1	1	1	1	1	1	1	1	1	1	1	1	1	1	1	1	1	1	1	1	1	1	1	1	1	1	0	1	1
194	1.642899	1	1	1	1	1	1	1	1	1	1	1	1	1	1	1	1	1	1	1	1	1	1	1	1	1	1	1	1	1	1	1	1	1	1	1	1	1	1	1	1	1	1	1	1	1	1	1	1	1	1	0	1	1	1	1	1	1	1	1	1	1	1	1	1	1	1	1	1	1	1	1	1	1	1	1	1	1	1	1	1	1	1	1	1	1	1	1	1	1	1	1	1	1	0	1	1
195	14.669019	1	1	1	1	1	1	1	1	1	1	1	1	1	1	1	1	1	1	1	1	1	1	1	1	1	1	1	1	1	1	1	1	1	1	1	1	1	1	1	1	1	1	1	1	1	1	1	1	1	1	0	1	1	1	1	1	1	1	1	1	1	1	1	1	1	1	1	1	1	1	1	1	1	1	1	1	1	1	1	1	1	1	1	1	1	1	1	1	1	1	1	1	1	1	1	1
196	.975223	1	1	1	1	1	1	1	1	0	1	1	1	1	1	0	0	1	1	1	1	1	1	0	1	1	0	0	1	1	0	1	1	1	1	1	1	0	1	1	0	0	1	1	0	0	1	1	0	1	1	0	1	0	1	1	1	1	1	0	0	1	1	1	1	1	1	1	1	1	1	0	1	0	1	1	1	1	1	1	1	1	0	0	1	0	0	0	1	1	1	1	1	1	1	0	0
197	20.580946	1	1	1	1	1	1	1	1	1	1	1	1	1	1	1	1	1	1	1	1	1	1	1	1	1	1	1	1	1	1	1	1	1	1	1	1	1	1	1	1	0	1	1	1	1	1	1	1	1	1	1	1	1	1	1	1	1	1	1	1	1	1	1	1	1	1	1	1	1	1	1	1	1	1	1	1	1	1	1	1	1	1	1	1	1	1	1	1	1	1	1	1	1	1	1	1
198	15.103585	1	1	1	1	1	1	1	1	1	1	1	1	1	1	1	1	1	1	1	1	1	1	1	1	1	1	1	1	1	1	1	1	1	1	1	1	1	1	1	1	1	1	1	1	1	1	1	1	1	1	1	1	1	1	1	1	1	1	1	1	1	1	1	1	1	1	1	1	1	1	1	1	1	1	1	1	1	1	1	1	1	1	1	1	1	0	1	1	1	1	1	1	1	1	1	1
199	.855029	1	1	1	1	1	1	1	1	0	1	1	1	1	1	0	0	1	1	1	1	1	1	0	1	1	0	0	1	1	0	1	1	1	1	1	1	0	1	1	0	1	1	1	0	0	1	1	0	1	1	1	1	0	1	1	1	1	1	0	0	1	1	1	1	1	1	1	1	1	1	0	1	0	1	1	1	1	1	1	1	1	0	0	1	0	0	0	1	1	1	1	1	1	1	0	0
200	.300585	1	1	1	1	1	1	1	1	0	1	1	1	0	0	0	0	1	1	1	1	1	1	0	1	1	0	0	0	0	0	1	0	1	1	0	1	0	1	1	0	1	1	1	0	0	1	1	0	1	1	1	1	0	1	1	1	1	1	0	0	0	1	1	1	1	1	1	1	0	0	0	0	0	1	1	1	0	1	0	1	1	0	0	0	0	0	0	1	1	1	0	1	1	1	0	0
201	8.484324	1	1	1	1	1	1	1	1	1	1	1	1	1	1	1	1	1	1	1	1	1	1	1	1	1	1	1	1	1	1	1	1	1	1	1	1	0	1	1	1	1	1	1	1	1	1	1	1	1	1	1	1	1	1	1	1	1	1	1	1	1	1	1	1	1	1	1	1	1	1	1	1	1	1	1	1	1	1	1	1	1	1	1	1	1	1	1	1	1	1	1	1	1	1	1	1
202	.82863	1	1	1	1	1	1	1	1	1	1	1	1	1	1	1	0	1	1	1	1	1	1	1	1	1	1	1	1	1	1	1	1	1	1	1	1	0	1	1	1	1	1	1	1	1	1	1	1	1	1	1	1	1	1	1	1	1	1	1	1	1	1	1	1	1	1	1	1	1	1	1	1	1	1	1	1	1	1	1	1	1	1	1	1	1	1	1	1	1	1	1	1	1	1	1	1
203	1.622193	1	1	1	1	1	1	1	1	1	1	1	1	1	1	0	0	1	1	1	1	1	1	1	1	1	0	1	1	1	1	1	1	1	1	1	1	0	1	1	1	1	1	1	0	0	1	1	1	1	1	1	1	1	1	1	1	1	1	1	1	1	1	1	1	1	1	1	1	1	1	0	1	1	1	1	1	1	1	1	1	1	0	1	1	1	1	0	1	1	1	1	1	1	1	1	1
204	.164817	1	1	1	1	1	1	1	1	0	1	1	1	1	1	0	0	1	1	1	1	1	1	0	1	1	0	0	1	1	0	1	1	1	1	1	1	0	1	1	0	1	1	1	0	0	1	1	1	1	1	1	1	0	1	1	1	1	1	0	0	1	1	1	1	1	1	1	1	1	1	0	1	0	1	1	1	1	1	1	1	1	0	0	1	0	1	0	1	1	1	1	1	1	1	0	0
205	.796113	1	1	1	1	1	1	1	1	0	1	1	1	1	1	0	0	1	1	1	1	1	1	0	1	1	0	0	1	1	0	1	1	1	1	1	1	0	1	1	0	1	1	1	0	0	1	1	0	1	1	1	1	0	1	1	1	1	1	0	0	1	1	1	1	1	1	1	1	1	1	0	1	0	1	1	1	1	1	1	1	1	0	0	1	0	1	0	1	1	1	1	1	1	1	0	0
206	7.584593	1	1	1	1	1	1	1	1	1	1	1	1	1	1	1	0	1	1	1	1	1	1	1	1	1	1	1	1	1	1	1	1	1	1	1	1	1	1	1	1	1	1	1	1	1	1	1	1	1	1	1	1	1	1	1	1	1	1	1	1	1	1	1	1	1	1	1	1	1	1	1	1	1	1	1	1	1	1	1	1	1	1	1	1	1	1	1	1	1	1	1	1	1	1	1	1
207	2.296051	1	1	1	1	1	1	1	1	1	1	1	1	1	1	1	0	1	1	1	1	1	1	1	1	1	1	1	1	1	1	1	1	1	1	1	1	1	1	1	1	1	1	1	1	1	1	1	1	1	1	1	1	1	1	1	1	1	1	1	1	1	1	1	1	1	1	1	1	1	1	1	1	1	1	1	1	1	1	1	1	1	0	1	1	1	1	1	1	1	1	1	1	1	1	1	1
208	.372367	1	1	1	1	1	1	1	1	1	1	1	1	1	1	1	0	1	1	1	1	1	1	1	1	1	0	1	1	1	1	1	1	1	1	1	1	1	1	1	1	1	1	1	0	1	1	1	1	1	1	1	1	1	1	1	1	1	1	1	1	1	1	1	1	1	1	1	1	1	1	1	1	1	1	1	1	1	1	1	1	1	0	1	1	1	1	1	1	1	1	1	1	1	1	1	1
209	13.159795	1	1	1	1	1	1	1	1	1	1	1	1	1	1	1	1	1	1	1	1	1	1	1	1	1	1	1	1	1	1	1	1	1	1	1	1	1	1	1	1	1	1	1	1	1	1	1	1	1	1	1	1	1	1	1	1	1	1	1	1	1	1	1	1	1	1	1	1	1	1	1	1	1	1	1	1	1	1	1	1	1	0	1	1	1	1	1	1	1	1	1	1	1	1	1	1
210	4.016093	1	1	1	1	1	1	1	1	1	1	1	1	1	1	1	1	1	1	1	1	1	1	1	1	1	0	1	1	1	1	1	1	1	1	1	1	1	1	1	1	1	1	1	1	1	1	1	1	1	1	1	1	1	1	1	1	1	1	1	1	1	1	1	1	1	1	1	1	1	1	1	1	1	1	1	1	1	1	1	1	1	0	1	1	1	1	1	1	1	1	1	1	1	1	1	1
211	.801534	1	1	1	1	1	1	1	1	0	1	1	1	0	0	0	1	1	1	1	1	1	1	0	1	1	0	0	0	0	0	1	0	1	1	0	1	1	1	1	0	1	1	1	0	0	1	1	0	1	1	1	1	0	1	1	1	1	1	0	0	0	1	1	1	1	1	1	1	0	0	0	0	0	1	1	1	0	1	0	1	1	0	0	0	0	1	0	1	1	1	0	1	1	1	0	0
212	7.629903	1	1	1	1	1	1	1	1	1	1	1	1	1	1	1	1	1	1	1	1	1	1	1	1	1	0	1	1	1	1	1	1	1	1	1	1	1	1	1	1	1	1	1	1	1	1	1	1	1	1	1	1	1	1	1	1	1	1	1	1	1	1	1	1	1	1	1	1	1	1	1	1	1	1	1	1	1	1	1	1	1	1	1	1	1	1	1	1	1	1	1	1	1	1	1	1
213	8.587525	1	1	1	1	1	1	1	1	1	1	1	1	1	1	1	1	1	1	1	1	1	1	1	1	1	1	1	1	1	1	1	1	1	1	1	1	1	1	1	1	1	1	1	0	1	1	1	1	1	1	1	1	1	1	1	1	1	1	1	1	1	1	1	1	1	1	1	1	1	1	1	1	1	1	1	1	1	1	1	1	1	1	1	1	1	1	1	1	1	1	1	1	1	1	1	1
214	.85998	1	1	1	1	1	1	1	1	1	1	1	1	1	1	0	1	1	1	1	1	1	1	1	1	1	1	1	1	1	1	1	1	1	1	1	1	1	1	1	1	1	1	1	0	1	1	1	1	1	1	1	1	1	1	1	1	1	1	1	1	1	1	1	1	1	1	1	1	1	1	1	1	1	1	1	1	1	1	1	1	1	1	1	1	1	1	0	1	1	1	1	1	1	1	1	1
215	1.054249	1	1	1	1	1	1	1	1	0	1	1	1	1	1	0	1	1	1	1	1	1	1	1	1	1	1	1	1	1	1	1	1	1	1	1	1	1	1	1	0	1	1	1	0	0	1	1	1	1	1	1	1	0	1	1	1	1	1	1	1	1	1	1	1	1	1	1	1	1	1	0	1	1	1	1	1	1	1	1	1	1	1	1	1	1	1	0	1	1	1	1	1	1	1	1	0
216	.255817	1	1	1	1	1	1	1	1	0	1	1	1	1	1	0	1	1	1	1	1	1	1	0	1	1	1	0	1	1	0	1	1	1	1	1	1	1	1	1	0	1	1	1	0	0	1	1	0	1	1	1	1	0	1	1	1	1	1	0	0	1	1	1	1	1	1	1	1	1	1	0	1	0	1	1	1	1	1	1	1	1	1	0	1	0	1	0	1	1	1	1	1	1	1	0	0
217	9.80944	1	1	1	1	1	1	1	1	1	1	1	1	1	1	1	1	1	1	1	1	1	1	1	1	1	1	1	1	1	1	1	1	1	1	1	1	1	1	1	1	1	1	1	1	1	1	1	1	1	1	1	1	1	1	1	1	1	1	1	1	1	1	1	1	1	1	1	1	1	1	1	1	1	1	1	1	1	1	1	1	1	1	1	1	1	1	0	1	1	1	1	1	1	1	1	1
218	1.766663	1	1	1	1	1	1	1	1	1	1	1	1	1	1	0	1	1	1	1	1	1	1	1	1	1	1	1	1	1	1	1	1	1	1	1	1	1	1	1	1	1	1	1	1	0	1	1	1	1	1	1	1	1	1	1	1	1	1	1	1	1	1	1	1	1	1	1	1	1	1	1	1	1	1	1	1	1	1	1	1	1	1	1	1	1	1	0	1	1	1	1	1	1	1	1	1
219	.119891	1	1	1	1	1	1	1	1	1	1	1	1	1	1	0	1	1	1	1	1	1	1	1	1	1	1	1	1	1	1	1	1	1	1	1	1	1	1	1	0	1	1	1	1	0	1	1	1	1	1	1	1	0	1	1	1	1	1	1	1	1	1	1	1	1	1	1	1	1	1	0	1	1	1	1	1	1	1	1	1	1	1	1	1	1	1	0	1	1	1	1	1	1	1	1	0
220	3.423206	1	1	1	1	1	1	1	1	1	1	1	1	1	1	0	1	1	1	1	1	1	1	1	1	1	1	1	1	1	1	1	1	1	1	1	1	1	1	1	1	1	1	1	1	1	1	1	1	1	1	1	1	1	1	1	1	1	1	1	1	1	1	1	1	1	1	1	1	1	1	1	1	1	1	1	1	1	1	1	1	1	1	1	1	1	1	1	1	1	1	1	1	1	1	1	1
221	1.265845	1	1	1	1	1	1	1	1	1	1	1	1	1	1	0	1	1	1	1	1	1	1	1	1	1	1	1	1	1	1	1	1	1	1	1	1	1	1	1	1	1	1	1	1	0	1	1	1	1	1	1	1	1	1	1	1	1	1	1	1	1	1	1	1	1	1	1	1	1	1	0	1	1	1	1	1	1	1	1	1	1	1	1	1	1	1	1	1	1	1	1	1	1	1	1	1
222	.264918	1	1	1	1	1	1	1	1	1	1	1	1	1	1	0	1	1	1	1	1	1	1	1	1	1	1	1	1	1	1	1	1	1	1	1	1	1	1	1	0	1	1	1	1	0	1	1	1	1	1	1	1	0	1	1	1	1	1	1	1	1	1	1	1	1	1	1	1	1	1	0	1	1	1	1	1	1	1	1	1	1	1	1	1	1	1	1	1	1	1	1	1	1	1	1	0
223	4.395916	1	1	1	1	1	1	1	1	1	1	1	1	1	1	1	1	1	1	1	1	1	1	1	1	1	1	1	1	1	1	1	1	1	1	1	1	1	1	1	1	1	1	1	1	0	1	1	1	1	1	1	1	1	1	1	1	1	1	1	1	1	1	1	1	1	1	1	1	1	1	1	1	1	1	1	1	1	1	1	1	1	1	1	1	1	1	1	1	1	1	1	1	1	1	1	1
224	6.482232	1	1	1	1	1	1	1	1	1	1	1	1	1	1	1	1	1	1	1	1	1	1	1	1	1	1	1	1	1	1	1	1	1	1	1	1	1	1	1	1	1	1	1	1	1	1	1	1	1	1	1	1	1	1	1	1	1	1	1	1	1	1	1	1	1	1	1	1	1	1	0	1	1	1	1	1	1	1	1	1	1	1	1	1	1	1	1	1	1	1	1	1	1	1	1	1
225	17.615103	1	1	1	1	1	1	1	1	1	1	1	1	1	1	1	1	1	1	1	1	1	1	1	1	1	1	1	1	1	1	1	1	1	1	1	1	1	1	1	0	1	1	1	1	1	1	1	1	1	1	1	1	1	1	1	1	1	1	1	1	1	1	1	1	1	1	1	1	1	1	1	1	1	1	1	1	1	1	1	1	1	1	1	1	1	1	1	1	1	1	1	1	1	1	1	1
226	8.641492	1	1	1	1	1	1	1	1	1	1	1	1	1	1	1	1	1	1	1	1	1	1	1	1	1	1	1	1	1	1	1	1	1	1	1	1	1	1	1	1	1	1	1	1	1	1	1	1	1	1	1	1	1	1	1	1	1	1	1	1	1	1	1	1	1	1	1	1	1	1	1	1	1	1	1	1	1	1	1	1	1	1	1	1	1	1	1	1	1	1	1	1	1	1	1	0
227	1.334517	1	1	1	1	1	1	1	1	0	1	1	1	1	1	1	1	1	1	1	1	1	1	1	1	1	1	1	1	1	1	1	1	1	1	1	1	1	1	1	1	1	1	1	1	1	1	1	1	1	1	1	1	0	1	1	1	1	1	1	1	1	1	1	1	1	1	1	1	1	1	1	1	1	1	1	1	1	1	1	1	1	1	1	1	1	1	1	1	1	1	1	1	1	1	1	0
228	4.145857	1	1	1	1	1	1	1	1	1	1	1	1	1	1	1	1	1	1	1	1	1	1	1	1	1	1	1	1	1	1	1	1	1	1	1	1	1	1	1	1	1	1	1	1	1	1	1	1	1	1	1	1	0	1	1	1	1	1	1	1	1	1	1	1	1	1	1	1	1	1	1	1	1	1	1	1	1	1	1	1	1	1	1	1	1	1	1	1	1	1	1	1	1	1	1	1
229	.944756	1	1	1	1	1	1	1	1	0	1	1	1	1	1	1	1	1	1	1	1	1	1	1	1	1	1	1	1	1	1	1	1	1	1	1	1	1	1	1	1	1	1	1	1	1	1	1	1	1	1	1	1	0	1	1	1	1	1	1	1	1	1	1	1	1	1	1	1	1	1	1	1	1	1	1	1	1	1	1	1	1	1	1	1	1	1	1	1	1	1	1	1	1	1	1	1
230	.414471	1	1	1	1	1	1	1	1	0	1	1	1	1	1	1	1	1	1	1	1	1	1	0	1	1	1	0	1	1	1	1	1	1	1	1	1	1	1	1	1	1	1	1	1	1	1	1	1	1	1	1	1	0	1	1	1	1	1	1	1	1	1	1	1	1	1	1	1	1	1	1	1	1	1	1	1	1	1	1	1	1	1	1	1	1	1	1	1	1	1	1	1	1	1	1	1
231	3.500416	1	1	1	1	1	1	1	1	0	1	1	1	1	1	1	1	1	1	1	1	1	1	1	1	1	1	1	1	1	1	1	1	1	1	1	1	1	1	1	1	1	1	1	1	1	1	1	1	1	1	1	1	1	1	1	1	1	1	1	1	1	1	1	1	1	1	1	1	1	1	1	1	1	1	1	1	1	1	1	1	1	1	1	1	1	1	1	1	1	1	1	1	1	1	1	1
232	.104325	1	1	1	1	1	1	1	1	0	1	1	1	1	1	1	1	1	1	1	1	1	1	1	1	1	1	0	1	1	1	1	1	1	1	1	1	1	1	1	1	1	1	1	1	1	1	1	1	1	1	1	1	1	1	1	1	1	1	1	1	1	1	1	1	1	1	1	1	1	1	1	1	1	1	1	1	1	1	1	1	1	1	1	1	1	1	1	1	1	1	1	1	1	1	1	1
233	.309791	1	1	1	1	1	1	1	1	0	1	1	1	1	1	1	1	1	1	1	1	1	1	0	1	1	1	0	1	1	1	1	1	1	1	1	1	1	1	1	1	1	1	1	1	1	1	1	1	1	1	1	1	1	1	1	1	1	1	1	1	1	1	1	1	1	1	1	1	1	1	1	1	1	1	1	1	1	1	1	1	1	1	1	1	1	1	1	1	1	1	1	1	1	1	1	1
234	7.718664	1	1	1	1	1	1	1	1	1	1	1	1	1	1	1	1	1	1	1	1	1	1	1	1	1	1	0	1	1	1	1	1	1	1	1	1	1	1	1	1	1	1	1	1	1	1	1	1	1	1	1	1	1	1	1	1	1	1	1	1	1	1	1	1	1	1	1	1	1	1	1	1	1	1	1	1	1	1	1	1	1	1	1	1	1	1	1	1	1	1	1	1	1	1	1	1
235	.029577	1	1	1	1	1	1	1	1	1	1	1	1	1	1	1	1	1	1	1	1	1	1	0	1	1	1	0	1	1	1	1	1	1	1	1	1	1	1	1	1	1	1	1	1	1	1	1	1	1	1	1	1	1	1	1	1	1	1	0	1	1	1	1	1	1	1	1	1	1	1	1	1	1	1	1	1	1	1	1	1	1	1	1	1	1	1	1	1	1	1	1	1	1	1	1	1
236	10.84297	1	1	1	1	1	1	1	1	1	1	1	1	1	1	1	1	1	1	1	1	1	1	0	1	1	1	1	1	1	1	1	1	1	1	1	1	1	1	1	1	1	1	1	1	1	1	1	1	1	1	1	1	1	1	1	1	1	1	1	1	1	1	1	1	1	1	1	1	1	1	1	1	1	1	1	1	1	1	1	1	1	1	1	1	1	1	1	1	1	1	1	1	1	1	1	1
237	.715339	1	1	1	1	1	1	1	1	1	1	1	1	1	0	1	1	1	1	1	1	1	1	0	1	1	1	1	0	1	0	1	1	1	1	0	1	1	1	1	1	1	1	1	1	1	1	1	0	1	1	1	1	1	1	1	1	1	1	0	0	0	1	1	1	1	1	1	1	1	0	1	0	0	1	1	1	1	1	1	1	1	1	0	1	0	1	1	1	1	1	1	1	1	1	0	1
238	.099491	1	1	1	1	1	1	1	1	1	1	1	1	0	0	1	1	1	1	1	1	1	1	0	1	1	1	1	0	0	0	1	0	1	1	0	1	1	1	1	1	1	1	1	1	1	1	1	0	1	1	1	1	1	1	1	1	1	1	0	0	0	1	1	1	1	1	1	1	0	0	1	0	0	1	1	1	0	1	0	1	1	1	0	0	0	1	1	1	1	1	0	1	1	1	0	1
239	23.636826	1	1	1	1	1	1	1	1	1	1	1	1	1	1	1	1	1	1	1	1	1	1	1	1	1	1	1	1	1	1	1	1	1	1	1	1	1	1	1	1	1	1	1	1	1	1	1	1	1	1	1	1	1	1	1	1	1	1	0	1	1	1	1	1	1	1	1	1	1	1	1	1	1	1	1	1	1	1	1	1	1	1	1	1	1	1	1	1	1	1	1	1	1	1	1	1
240	.133255	1	1	1	1	1	1	1	1	1	1	1	1	0	0	1	1	1	1	1	1	1	1	1	1	1	1	1	0	1	0	1	1	1	1	0	1	1	1	1	1	1	1	1	1	1	1	1	0	1	1	1	1	1	1	1	1	1	1	0	0	0	1	1	1	1	1	1	1	1	0	1	0	0	1	1	1	1	1	1	1	1	1	0	1	0	1	1	1	1	1	1	1	1	1	0	1
241	11.263959	1	1	1	1	1	1	1	1	1	1	1	1	1	1	1	1	1	1	1	1	1	1	1	1	1	1	1	1	1	1	1	1	1	1	1	1	1	1	1	1	1	1	1	1	1	1	1	1	1	1	1	1	1	1	1	1	1	1	1	1	1	1	1	1	1	1	1	1	1	1	1	1	1	1	1	1	1	1	1	1	1	1	0	1	1	1	1	1	1	1	1	1	1	1	1	1
242	.667197	1	1	1	1	1	1	1	1	1	1	1	1	1	1	1	1	1	1	1	1	1	1	1	1	1	1	1	1	1	0	1	1	1	1	1	1	1	1	1	1	1	1	1	1	1	1	1	1	1	1	1	1	1	1	1	1	1	1	1	0	1	1	1	1	1	1	1	1	1	1	1	1	1	1	1	1	1	1	1	1	1	1	0	1	1	1	1	1	1	1	1	1	1	1	1	1
243	2.664103	1	1	1	1	1	1	1	1	1	1	1	1	1	1	1	1	1	1	1	1	1	1	1	1	1	1	1	1	1	0	1	1	1	1	1	1	1	1	1	1	1	1	1	1	1	1	1	1	1	1	1	1	1	1	1	1	1	1	1	0	1	1	1	1	1	1	1	1	1	1	1	1	1	1	1	1	1	1	1	1	1	1	0	1	1	1	1	1	1	1	1	1	1	1	0	1
244	1.862375	1	1	1	1	1	1	1	1	1	1	1	1	1	1	1	1	1	1	1	1	1	1	1	1	1	1	1	1	1	0	1	1	1	1	1	1	1	1	1	1	1	1	1	1	1	1	1	0	1	1	1	1	1	1	1	1	1	1	1	0	1	1	1	1	1	1	1	1	1	1	1	1	0	1	1	1	1	1	1	1	1	1	0	1	0	1	1	1	1	1	1	1	1	1	0	1
245	1.108068	1	1	1	1	1	1	1	1	1	1	1	1	0	0	1	1	1	1	1	1	1	1	1	1	1	1	1	0	1	0	1	1	1	1	0	1	1	1	1	1	1	1	1	1	1	1	1	0	1	1	1	1	1	1	1	1	1	1	1	0	0	1	1	1	1	1	1	1	1	0	1	0	0	1	1	1	1	1	1	1	1	1	0	1	0	1	1	1	1	1	1	1	1	1	0	1
246	.092667	1	1	1	1	1	1	1	1	1	1	1	1	0	0	1	1	1	1	1	1	1	1	1	1	1	1	1	0	0	0	1	1	1	1	0	1	1	1	1	1	1	1	1	1	1	1	1	0	1	1	1	1	1	1	1	1	1	1	1	0	0	1	1	1	1	1	1	1	0	0	1	0	0	1	1	1	1	1	0	1	1	1	0	1	0	1	1	1	1	1	0	1	1	1	0	1
247	1.467459	1	1	1	1	1	1	1	1	1	1	1	1	0	0	1	1	1	1	1	1	1	1	1	1	1	1	1	0	0	0	1	0	1	1	0	1	1	1	1	1	1	1	1	1	1	1	1	0	1	1	1	1	1	1	1	1	1	1	1	0	0	1	1	1	1	1	1	1	0	0	1	0	0	1	1	1	0	1	0	1	1	1	0	0	0	1	1	1	1	1	0	1	1	1	0	1
248	10.219347	1	1	1	1	1	1	1	1	1	1	1	1	1	1	1	1	1	1	1	1	1	1	1	1	1	1	1	1	1	0	1	1	1	1	1	1	1	1	1	1	1	1	1	1	1	1	1	1	1	1	1	1	1	1	1	1	1	1	1	1	1	1	1	1	1	1	1	1	1	1	1	1	1	1	1	1	1	1	1	1	1	1	1	1	1	1	1	1	1	1	1	1	1	1	1	1
249	.156555	1	1	1	1	1	1	1	1	1	1	1	1	1	0	1	1	1	1	1	1	1	1	1	1	1	1	1	0	1	0	1	1	1	1	1	1	1	1	1	1	1	1	1	1	1	1	1	0	1	1	1	1	1	1	1	1	1	1	1	0	0	1	1	1	1	1	1	1	1	0	1	0	0	1	1	1	1	1	1	1	1	1	1	1	0	1	1	1	1	1	1	1	1	1	0	1
250	2.152564	1	1	1	1	1	1	1	1	1	1	1	1	0	0	1	1	1	1	1	1	1	1	1	1	1	1	1	0	0	0	1	0	1	1	0	1	1	1	1	1	1	1	1	1	1	1	1	0	1	1	1	1	1	1	1	1	1	1	1	0	0	1	1	1	1	1	1	1	0	0	1	0	0	1	1	1	0	1	0	1	1	1	1	0	0	1	1	1	1	1	0	1	1	1	0	1
251	3.884138	1	1	1	1	1	1	1	1	1	1	1	1	1	1	1	1	1	1	1	1	1	1	1	1	1	1	1	1	1	1	1	1	1	1	1	1	1	1	1	1	1	1	1	1	1	1	1	1	1	1	1	1	1	1	1	1	1	1	1	0	1	1	1	1	1	1	1	1	1	1	1	1	1	1	1	1	1	1	1	1	1	1	1	1	1	1	1	1	1	1	1	1	1	1	1	1
252	5.837215	1	1	1	1	1	1	1	1	1	1	1	1	1	1	1	1	1	1	1	1	1	1	1	1	1	1	1	1	1	1	1	1	1	1	1	1	1	1	1	1	1	1	1	1	1	1	1	1	1	1	1	1	1	1	1	1	1	1	1	0	1	1	1	1	1	1	1	1	1	1	1	1	1	1	1	1	1	1	1	1	1	1	1	1	1	1	1	1	1	1	1	1	1	1	0	1
253	1.357955	1	1	1	1	1	1	1	1	1	1	1	1	0	0	1	1	1	1	1	1	1	1	1	1	1	1	1	0	1	1	1	1	1	1	0	1	1	1	1	1	1	1	1	1	1	1	1	0	1	1	1	1	1	1	1	1	1	1	1	0	0	1	1	1	1	1	1	1	1	0	1	0	0	1	1	1	1	1	1	1	1	1	1	1	0	1	1	1	1	1	1	1	1	1	0	1
254	4.442938	1	1	1	1	1	1	1	1	1	1	1	1	1	1	1	1	1	1	1	1	1	1	1	1	1	1	1	1	1	1	1	1	1	1	1	1	1	1	1	1	1	1	1	1	1	1	1	1	1	1	1	1	1	1	1	1	1	1	1	1	1	1	1	1	1	1	1	1	1	1	1	1	1	1	1	1	1	1	1	1	1	1	1	1	1	1	1	1	1	1	1	1	1	1	0	1
255	1.596138	1	1	1	1	1	1	1	1	1	1	1	1	1	0	1	1	1	1	1	1	1	1	1	1	1	1	1	0	1	1	1	1	1	1	1	1	1	1	1	1	1	1	1	1	1	1	1	0	1	1	1	1	1	1	1	1	1	1	1	1	0	1	1	1	1	1	1	1	1	0	1	0	0	1	1	1	1	1	1	1	1	1	1	1	0	1	1	1	1	1	1	1	1	1	0	1
256	8.695715	1	1	1	1	1	1	1	1	1	1	1	1	1	1	1	1	1	1	1	1	1	1	1	1	1	1	1	1	1	1	1	1	1	1	1	1	1	1	1	1	1	1	1	1	1	1	1	1	1	1	1	1	1	1	1	1	1	1	1	1	1	1	1	1	1	1	1	1	1	1	1	1	0	1	1	1	1	1	1	1	1	1	1	1	1	1	1	1	1	1	1	1	1	1	1	1
257	3.721831	1	1	1	1	1	1	1	1	1	1	1	1	1	1	1	1	1	1	1	1	1	1	1	1	1	1	1	1	1	1	1	1	1	1	1	1	1	1	1	1	1	1	1	1	1	1	1	0	1	1	1	1	1	1	1	1	1	1	1	1	1	1	1	1	1	1	1	1	1	1	1	0	0	1	1	1	1	1	1	1	1	1	1	1	0	1	1	1	1	1	1	1	1	1	1	1
258	17.220413	1	1	1	1	1	1	1	1	1	1	1	1	1	1	1	1	1	1	1	1	1	1	1	1	1	1	1	1	1	1	1	1	1	1	1	1	1	1	1	1	1	1	1	1	1	1	1	1	1	1	1	1	1	1	1	1	1	1	1	1	1	1	1	1	1	1	1	1	1	1	1	1	1	1	1	1	1	1	1	1	1	1	1	1	0	1	1	1	1	1	1	1	1	1	1	1
259	.698909	1	1	1	1	1	1	1	1	1	1	1	1	1	0	1	1	1	1	1	1	1	1	1	1	1	1	1	0	1	1	1	1	1	1	0	1	1	1	1	1	1	1	1	1	1	1	1	0	1	1	1	1	1	1	1	1	1	1	1	1	0	1	1	1	1	1	1	1	1	0	1	0	1	1	1	1	1	1	1	1	1	1	1	1	0	1	1	1	1	1	1	1	1	1	1	1
260	16.433506	1	1	1	1	1	1	1	1	1	1	1	1	1	1	1	1	1	1	1	1	1	1	1	1	1	1	1	1	1	1	1	1	1	1	1	1	1	1	1	1	1	1	1	1	1	1	1	0	1	1	1	1	1	1	1	1	1	1	1	1	1	1	1	1	1	1	1	1	1	1	1	1	1	1	1	1	1	1	1	1	1	1	1	1	1	1	1	1	1	1	1	1	1	1	1	1
261	8.482237	1	1	1	1	1	1	1	1	1	1	1	1	1	1	1	1	1	1	1	1	1	1	1	1	1	1	1	1	1	1	1	1	1	1	1	1	1	1	1	1	1	1	1	1	1	1	1	0	1	1	1	1	1	1	1	1	1	1	1	1	1	1	1	1	1	1	1	1	1	1	1	0	1	1	1	1	1	1	1	1	1	1	1	1	1	1	1	1	1	1	1	1	1	1	1	1
262	1.71621	1	1	1	1	1	1	1	1	1	1	1	1	1	0	1	1	1	1	1	1	1	1	1	1	1	1	1	1	1	1	1	1	1	1	1	1	1	1	1	1	1	1	1	1	1	1	1	0	1	1	1	1	1	1	1	1	1	1	1	1	1	1	1	1	1	1	1	1	1	0	1	0	1	1	1	1	1	1	1	1	1	1	1	1	1	1	1	1	1	1	1	1	1	1	1	1
263	.22732	1	1	1	1	1	1	1	1	1	1	1	1	1	0	1	1	1	1	1	1	1	1	1	1	1	1	1	0	1	1	1	1	1	1	1	1	1	1	1	1	1	1	1	1	1	1	1	0	1	1	1	1	1	1	1	1	1	1	1	1	1	1	1	1	1	1	1	1	1	0	1	0	1	1	1	1	1	1	1	1	1	1	1	1	1	1	1	1	1	1	1	1	1	1	1	1
264	17.102934	1	1	1	1	1	1	1	1	1	1	1	1	1	1	1	1	1	1	1	1	1	1	1	1	1	1	1	1	1	1	1	1	1	1	1	1	1	1	1	1	1	1	1	1	1	1	1	1	1	1	1	1	1	1	1	1	1	1	1	1	1	1	1	1	1	1	1	1	1	1	1	0	1	1	1	1	1	1	1	1	1	1	1	1	1	1	1	1	1	1	1	1	1	1	1	1
265	27.907043	1	1	1	1	1	1	1	1	1	1	1	1	1	1	1	1	1	1	1	1	1	1	1	1	1	1	1	1	1	1	1	1	1	1	1	1	1	1	1	1	1	1	1	1	1	1	1	1	1	1	1	1	1	1	1	1	1	1	1	1	1	1	1	1	1	1	1	1	1	0	1	0	1	1	1	1	1	1	1	1	1	1	1	1	1	1	1	1	1	1	1	1	1	1	1	1
266	1.561568	1	1	1	1	1	1	1	1	1	1	1	1	1	0	1	1	1	1	1	1	1	1	1	1	1	1	1	1	1	1	1	1	1	1	1	1	1	1	1	1	1	1	1	1	1	1	1	1	1	1	1	1	1	1	1	1	1	1	1	1	1	1	1	1	1	1	1	1	1	0	1	0	1	1	1	1	1	1	1	1	1	1	1	1	1	1	1	1	1	1	1	1	1	1	1	1
267	35.278034	1	1	1	1	1	1	1	1	1	1	1	1	1	1	1	1	1	1	1	1	1	1	1	1	1	1	1	1	1	1	1	1	1	1	1	1	1	1	1	1	1	1	1	1	1	1	1	1	1	1	1	1	1	1	1	1	1	1	1	1	1	1	1	1	1	1	1	1	1	0	1	1	1	1	1	1	1	1	1	1	1	1	1	1	1	1	1	1	1	1	1	1	1	1	1	1
268	28.338223	1	1	1	1	1	1	1	1	1	1	1	1	1	0	1	1	1	1	1	1	1	1	1	1	1	1	1	1	1	1	1	1	1	1	1	1	1	1	1	1	1	1	1	1	1	1	1	1	1	1	1	1	1	1	1	1	1	1	1	1	1	1	1	1	1	1	1	1	1	1	1	1	1	1	1	1	1	1	1	1	1	1	1	1	1	1	1	1	1	1	1	1	1	1	1	1
269	2.495148	1	1	1	1	1	1	1	1	1	1	1	1	1	0	1	1	1	1	1	1	1	1	1	1	1	1	1	0	1	1	1	1	1	1	1	1	1	1	1	1	1	1	1	1	1	1	1	1	1	1	1	1	1	1	1	1	1	1	1	1	0	1	1	1	1	1	1	1	1	1	1	1	1	1	1	1	1	1	1	1	1	1	1	1	1	1	1	1	1	1	1	1	1	1	1	1
270	.75543	1	1	1	1	1	1	1	1	1	1	1	1	0	0	1	1	1	1	1	1	1	1	1	1	1	1	1	0	1	1	1	1	1	1	0	1	1	1	1	1	1	1	1	1	1	1	1	1	1	1	1	1	1	1	1	1	1	1	1	1	0	1	1	1	1	1	1	1	1	1	1	1	1	1	1	1	1	1	1	1	1	1	1	1	1	1	1	1	1	1	1	1	1	1	1	1
271	10.416174	1	1	1	1	1	1	1	1	1	1	1	1	1	1	1	1	1	1	1	1	1	1	1	1	1	1	1	0	1	1	1	1	1	1	1	1	1	1	1	1	1	1	1	1	1	1	1	1	1	1	1	1	1	1	1	1	1	1	1	1	1	1	1	1	1	1	1	1	1	1	1	1	1	1	1	1	1	1	1	1	1	1	1	1	1	1	1	1	1	1	1	1	1	1	1	1
272	1.354208	1	1	1	1	1	1	1	1	1	1	1	1	1	1	1	1	1	1	1	1	1	1	1	1	1	1	1	0	1	1	1	1	1	1	1	1	1	1	1	1	1	1	1	1	1	1	1	1	1	1	1	1	1	1	1	1	1	1	1	1	0	1	1	1	1	1	1	1	1	1	1	1	1	1	1	1	1	1	1	1	1	1	1	1	1	1	1	1	1	1	1	1	1	1	1	1
273	2.128489	1	1	1	1	1	1	1	1	1	1	1	1	0	1	1	1	1	1	1	1	1	1	1	1	1	1	1	0	1	1	1	1	1	1	0	1	1	1	1	1	1	1	1	1	1	1	1	1	1	1	1	1	1	1	1	1	1	1	1	1	0	1	1	1	1	1	1	1	1	1	1	1	1	1	1	1	1	1	1	1	1	1	1	1	1	1	1	1	1	1	1	1	1	1	1	1
274	6.455388	1	1	1	1	1	1	1	1	1	1	1	1	1	1	1	1	1	1	1	1	1	1	1	1	1	1	1	1	1	1	1	1	1	1	1	1	1	1	1	1	1	1	1	1	1	1	1	1	1	1	1	1	1	1	1	1	1	1	1	1	0	1	1	1	1	1	1	1	1	1	1	1	1	1	1	1	1	1	1	1	1	1	1	1	1	1	1	1	1	1	1	1	1	1	1	1
275	6.251373	1	1	1	1	1	1	1	1	1	1	1	1	1	1	1	1	1	1	1	1	1	1	1	1	1	1	1	1	1	1	1	1	1	1	0	1	1	1	1	1	1	1	1	1	1	1	1	1	1	1	1	1	1	1	1	1	1	1	1	1	0	1	1	1	1	1	1	1	1	1	1	1	1	1	1	1	1	1	1	1	1	1	1	1	1	1	1	1	1	1	1	1	1	1	1	1
276	.408812	1	1	1	1	1	1	1	1	1	1	1	1	0	1	1	1	1	1	1	1	1	1	1	1	1	1	1	1	0	1	1	1	1	1	0	1	1	1	1	1	1	1	1	1	1	1	1	1	1	1	1	1	1	1	1	1	1	1	1	1	0	1	1	1	1	1	1	1	0	1	1	1	1	1	1	1	0	1	0	1	1	1	1	1	1	1	1	1	1	1	0	1	1	1	1	1
277	5.674963	1	1	1	1	1	1	1	1	1	1	1	1	1	1	1	1	1	1	1	1	1	1	1	1	1	1	1	1	1	1	1	1	1	1	0	1	1	1	1	1	1	1	1	1	1	1	1	1	1	1	1	1	1	1	1	1	1	1	1	1	1	1	1	1	1	1	1	1	1	1	1	1	1	1	1	1	1	1	1	1	1	1	1	1	1	1	1	1	1	1	1	1	1	1	1	1
278	12.933282	1	1	1	1	1	1	1	1	1	1	1	1	0	1	1	1	1	1	1	1	1	1	1	1	1	1	1	1	1	1	1	1	1	1	1	1	1	1	1	1	1	1	1	1	1	1	1	1	1	1	1	1	1	1	1	1	1	1	1	1	1	1	1	1	1	1	1	1	1	1	1	1	1	1	1	1	1	1	1	1	1	1	1	1	1	1	1	1	1	1	1	1	1	1	1	1
279	.693296	1	1	1	1	1	1	1	1	1	1	1	1	0	1	1	1	1	1	1	1	1	1	1	1	1	1	1	1	1	1	1	1	1	1	1	1	1	1	1	1	1	1	1	1	1	1	1	1	1	1	1	1	1	1	1	1	1	1	1	1	1	1	1	1	1	1	1	1	0	1	1	1	1	1	1	1	1	1	1	1	1	1	1	1	1	1	1	1	1	1	1	1	1	1	1	1
280	20.223946	1	1	1	1	1	1	1	1	1	1	1	1	1	1	1	1	1	1	1	1	1	1	1	1	1	1	1	1	1	1	1	1	1	1	1	1	1	1	1	1	1	1	1	1	1	1	1	1	1	1	1	1	1	1	1	1	1	1	1	1	1	1	1	1	1	1	1	1	0	1	1	1	1	1	1	1	1	1	1	1	1	1	1	1	1	1	1	1	1	1	1	1	1	1	1	1
281	27.939014	1	1	1	1	1	1	1	1	1	1	1	1	1	1	1	1	1	1	1	1	1	1	1	1	1	1	1	1	1	1	1	1	1	1	1	1	1	1	1	1	1	1	1	1	1	1	1	1	1	1	1	1	1	1	1	1	1	1	1	1	1	1	1	1	1	1	1	1	1	1	1	1	1	1	1	1	1	1	0	1	1	1	1	1	1	1	1	1	1	1	1	1	1	1	1	1
282	17.979023	1	1	1	1	1	1	1	1	1	1	1	1	1	1	1	1	1	1	1	1	1	1	1	1	1	1	1	1	1	1	1	1	1	1	1	1	1	1	1	1	1	1	1	1	1	1	1	1	1	1	1	1	1	1	1	1	1	1	1	1	1	1	1	1	1	1	1	1	1	1	1	1	1	1	1	1	1	1	1	1	1	1	1	1	1	1	1	1	1	1	0	1	1	1	1	1
283	12.416048	1	1	1	1	1	1	1	1	1	1	1	1	1	1	1	1	1	1	1	1	1	1	1	1	1	1	1	1	0	1	1	1	1	1	1	1	1	1	1	1	1	1	1	1	1	1	1	1	1	1	1	1	1	1	1	1	1	1	1	1	1	1	1	1	1	1	1	1	1	1	1	1	1	1	1	1	1	1	1	1	1	1	1	1	1	1	1	1	1	1	1	1	1	1	1	1
284	1.084424	1	1	1	1	1	1	1	1	1	1	1	1	1	1	1	1	1	1	1	1	1	1	1	1	1	1	1	1	0	1	1	1	1	1	1	1	1	1	1	1	1	1	1	1	1	1	1	1	1	1	1	1	1	1	1	1	1	1	1	1	1	1	1	1	1	1	1	1	1	1	1	1	1	1	1	1	0	1	1	1	1	1	1	0	1	1	1	1	1	1	1	1	1	1	1	1
285	5.473534	1	1	1	1	1	1	1	1	1	1	1	1	1	1	1	1	1	1	1	1	1	1	1	1	1	1	1	1	1	1	1	1	1	1	1	1	1	1	1	1	1	1	1	1	1	1	1	1	1	1	1	1	1	1	1	1	1	1	1	1	1	1	1	1	1	1	1	1	1	1	1	1	1	1	1	1	0	1	1	1	1	1	1	1	1	1	1	1	1	1	1	1	1	1	1	1
286	2.806236	1	1	1	1	1	1	1	1	1	1	1	1	1	1	1	1	1	1	1	1	1	1	1	1	1	1	1	1	1	1	1	1	1	1	1	1	1	1	1	1	1	1	1	1	1	1	1	1	1	1	1	1	1	1	1	1	1	1	1	1	1	1	1	1	1	1	1	1	1	1	1	1	1	1	1	1	0	1	1	1	1	1	1	0	1	1	1	1	1	1	1	1	1	1	1	1
287	.951578	1	1	1	1	1	1	1	1	1	1	1	1	1	1	1	1	1	1	1	1	1	1	1	1	1	1	1	1	1	1	1	0	1	1	1	1	1	1	1	1	1	1	1	1	1	1	1	1	1	1	1	1	1	1	1	1	1	1	1	1	1	1	1	1	1	1	1	1	1	1	1	1	1	1	1	1	0	1	1	1	1	1	1	0	1	1	1	1	1	1	1	1	1	1	1	1
288	9.090203	1	1	1	1	1	1	1	1	1	1	1	1	1	1	1	1	1	1	1	1	1	1	1	1	1	1	1	1	1	1	1	1	1	1	1	1	1	1	1	1	1	1	1	1	1	1	1	1	1	1	1	1	1	1	1	1	1	1	1	1	1	1	1	1	1	1	1	1	1	1	1	1	1	1	1	1	1	1	1	1	1	1	1	0	1	1	1	1	1	1	1	1	1	1	1	1
289	14.386724	1	1	1	1	1	1	1	1	1	1	1	1	1	1	1	1	1	1	1	1	1	1	1	1	1	1	1	1	1	1	1	0	1	1	1	1	1	1	1	1	1	1	1	1	1	1	1	1	1	1	1	1	1	1	1	1	1	1	1	1	1	1	1	1	1	1	1	1	1	1	1	1	1	1	1	1	1	1	1	1	1	1	1	1	1	1	1	1	1	1	1	1	1	1	1	1
290	1.770554	1	1	1	1	1	1	1	1	1	1	1	1	1	1	1	1	1	1	1	1	1	1	1	1	1	1	1	1	1	1	1	0	1	1	1	1	1	1	1	1	1	0	1	1	1	1	1	1	1	1	1	1	1	1	1	1	1	1	1	1	1	1	1	1	1	1	1	1	1	1	1	1	1	1	1	1	1	1	1	1	1	1	1	1	1	1	1	1	1	1	1	1	1	1	1	1
291	16.282793	1	1	1	1	1	1	1	1	1	1	1	1	1	1	1	1	1	1	1	1	1	1	1	1	1	1	1	1	1	1	1	1	1	1	1	1	1	1	1	1	1	0	1	1	1	1	1	1	1	1	1	1	1	1	1	1	1	1	1	1	1	1	1	1	1	1	1	1	1	1	1	1	1	1	1	1	1	1	1	1	1	1	1	1	1	1	1	1	1	1	1	1	1	1	1	1

