Splits	Weights	BYRD_R_Dem	INOUYE_D_Dem	THURMOND_J_Rep	PRYOR_D_Dem	KENNEDY_E_Dem	PELL_C_Dem	ROTH_W_Rep	HATFIELD_M_Rep	HOLLINGS_E_Dem	STEVENS_T_Rep	SARBANES_P_Dem	BREAUX_J_Dem	COCHRAN_W_Rep	COHEN_W_Rep	LOTT_C_Rep	BIDEN_J_Dem	DOMENICI_P_Rep	HELMS_J_Rep	JOHNSTON_J_Dem	NUNN_S_Dem	BAUCUS_M_Dem	DODD_C_Dem	GRASSLEY_C_Rep	HARKIN_T_Dem	JEFFORDS_J_Rep	PRESSLER_L_Rep	SIMON_P_Dem	BUMPERS_D_Dem	FORD_W_Dem	GLENN_J_Dem	LEAHY_P_Dem	AKAKA_D_Dem	MIKULSKI_B_Dem	CHAFEE_J_Rep	LUGAR_R_Rep	MOYNIHAN_D_Dem	DASCHLE_T_Dem	GRAMM_W_Rep	SNOWE_O_Rep	BRADLEY_W_Dem	EXON_J_Dem	HEFLIN_H_Dem	KASSEBAUM_N_Rep	LEVIN_C_Dem	SIMPSON_A_Rep	WARNER_J_Rep	BROWN_G_Rep	COATS_D_Rep	CRAIG_L_Rep	DORGAN_B_Dem	GREGG_J_Rep	DAMATO_A_Rep	GORTON_T_Rep	MURKOWSKI_F_Rep	NICKLES_D_Rep	SPECTER_A_Rep	BINGAMAN_J_Dem	LAUTENBERG_F_Dem	KERRY_J_Dem	McCONNELL_A_Rep	ROCKEFELLER_J_Dem	BOXER_B_Dem	DeWINE_M_Rep	MACK_C_Rep	McCAIN_J_Rep	REID_H_Dem	SMITH_R_Rep	INHOFE_J_Rep	KYL_J_Rep	BOND_C_Rep	CONRAD_K_Dem	GRAHAM_D_Dem	THOMAS_C_Rep	BRYAN_R_Dem	BURNS_C_Rep	KERREY_J_Dem	KOHL_H_Dem	LIEBERMAN_J_Dem	ROBB_C_Dem	SANTORUM_R_Rep	GRAMS_R_Rep	WELLSTONE_P_Dem	FEINSTEIN_D_Dem	COVERDELL_P_Rep	KEMPTHORNE_D_Rep	MOSELEY_BRAUN_C_Dem	FAIRCLOTH_D_Rep	HUTCHISON_K_Rep	BENNETT_R_Rep	MURRAY_P_Dem	FEINGOLD_R_Dem	ABRAHAM_S_Rep	ASHCROFT_J_Rep	FRIST_W_Rep	THOMPSON_F_Rep	SHELBY_R_Rep	CLINTON_W_Dem
1	55.52002	1	1	1	1	1	1	1	1	1	1	1	1	1	1	1	1	1	1	1	1	1	1	1	1	1	1	1	1	1	1	1	1	1	1	1	1	1	1	1	1	1	1	1	1	1	1	1	1	1	1	1	1	1	1	1	1	1	1	1	1	1	1	1	1	1	1	1	1	1	1	1	1	1	0	1	1	1	1	1	1	1	1	1	1	1	1	1	1	1	1	1	1	1	1	1	1	1
2	19.506599	1	1	1	1	1	1	1	1	1	1	1	1	1	1	1	1	1	1	1	1	1	1	1	1	1	1	1	1	1	1	1	1	1	1	1	1	1	1	1	1	1	1	1	1	1	1	1	1	1	1	1	1	1	1	1	1	1	1	1	1	1	1	1	1	1	0	1	1	1	1	1	1	1	0	1	1	1	1	1	1	1	1	1	1	1	1	1	1	1	1	1	1	1	1	1	1	1
3	4.58961	1	0	0	1	1	1	0	0	0	0	1	0	0	0	0	1	0	0	0	0	0	1	0	1	0	0	1	1	0	1	1	1	1	0	0	1	1	0	0	1	0	0	0	1	0	0	0	0	0	1	0	0	0	0	0	0	1	1	1	0	1	1	0	0	0	0	0	0	0	0	1	0	0	0	0	1	1	0	0	0	0	1	0	0	0	1	0	0	0	1	1	0	0	0	0	0	0
4	.828623	1	0	0	1	1	1	0	0	0	0	1	0	0	0	0	1	0	0	0	0	0	1	0	1	0	0	1	1	0	1	1	1	1	0	0	1	1	0	0	0	0	0	0	1	0	0	0	0	0	1	0	0	0	0	0	0	0	1	1	0	1	1	0	0	0	0	0	0	0	0	1	0	0	0	0	0	0	0	0	0	0	1	0	0	0	1	0	0	0	1	1	0	0	0	0	0	0
5	94.309105	1	0	0	0	0	0	0	0	0	0	0	0	0	0	0	0	0	0	0	0	0	0	0	0	0	0	0	0	0	0	0	0	0	0	0	0	0	0	0	0	0	0	0	0	0	0	0	0	0	0	0	0	0	0	0	0	0	0	0	0	0	0	0	0	0	0	0	0	0	0	0	0	0	0	0	0	0	0	0	0	0	0	0	0	0	0	0	0	0	0	0	0	0	0	0	0	0
6	52.251743	1	1	1	1	1	1	1	1	1	1	1	1	1	1	1	1	1	1	1	1	1	1	1	1	1	1	1	1	1	1	1	1	1	1	1	1	1	1	1	1	1	1	1	1	1	1	1	1	1	1	1	1	1	1	1	1	1	1	1	1	1	1	1	1	1	0	1	1	1	1	1	1	1	1	1	1	1	1	1	1	1	1	1	1	1	1	1	1	1	1	1	1	1	1	1	1	1
7	2.444705	1	0	0	1	1	1	0	0	0	0	1	0	0	1	0	1	0	0	0	0	1	1	0	1	1	0	1	1	0	1	1	1	1	0	0	1	1	0	1	1	1	1	1	1	0	0	0	0	0	1	0	0	0	0	0	0	1	1	1	0	1	1	0	0	0	0	0	0	0	0	1	1	0	1	0	1	1	0	1	0	0	1	1	0	0	1	0	0	0	1	1	0	0	0	0	0	0
8	.30191	1	0	0	1	1	1	0	0	0	0	1	0	0	1	0	1	0	0	0	0	1	1	0	1	1	0	1	1	0	1	1	1	1	0	0	1	1	0	1	1	1	1	0	1	0	0	0	0	0	1	0	0	0	0	0	0	1	1	1	0	1	1	0	0	0	0	0	0	0	0	1	1	0	1	0	1	1	0	1	0	0	1	1	0	0	1	0	0	0	1	1	0	0	0	0	0	0
9	5.408527	1	0	0	1	1	1	0	0	0	0	1	0	0	0	0	1	0	0	0	0	1	1	0	1	0	0	1	1	0	1	1	1	1	0	0	1	1	0	0	1	1	0	0	1	0	0	0	0	0	1	0	0	0	0	0	0	1	1	1	0	1	1	0	0	0	0	0	0	0	0	1	1	0	1	0	1	1	0	1	0	0	1	1	0	0	1	0	0	0	1	1	0	0	0	0	0	0
10	.486116	1	0	0	1	1	1	0	0	0	0	1	0	0	0	0	1	0	0	0	0	0	1	0	1	0	0	1	1	0	1	1	1	1	0	0	1	1	0	0	1	0	0	0	1	0	0	0	0	0	1	0	0	0	0	0	0	1	1	1	0	1	1	0	0	0	0	0	0	0	0	1	1	0	1	0	1	1	0	0	0	0	1	0	0	0	1	0	0	0	1	1	0	0	0	0	0	0
11	4.589032	1	0	0	1	1	1	0	0	0	0	1	0	0	0	0	1	0	0	0	0	0	1	0	1	0	0	1	1	0	1	1	1	1	0	0	1	1	0	0	1	0	0	0	1	0	0	0	0	0	1	0	0	0	0	0	0	1	1	1	0	1	1	0	0	0	0	0	0	0	0	1	0	0	1	0	0	1	0	0	0	0	1	0	0	0	1	0	0	0	1	1	0	0	0	0	0	0
12	86.047485	1	1	1	1	1	1	1	1	0	1	1	1	1	1	1	1	1	1	1	1	1	1	1	1	1	1	1	1	1	1	1	1	1	1	1	1	1	1	1	1	1	1	1	1	1	1	1	1	1	1	1	1	1	1	1	1	1	1	1	1	1	1	1	1	1	1	1	1	1	1	1	1	1	1	1	1	1	1	1	1	1	1	1	1	1	1	1	1	1	1	1	1	1	1	1	1	1
13	68.288193	1	0	1	1	1	1	1	1	1	1	1	1	1	1	1	1	1	1	1	1	1	1	1	1	1	1	1	1	1	1	1	1	1	1	1	1	1	1	1	1	1	1	1	1	1	1	1	1	1	1	1	1	1	1	1	1	1	1	1	1	1	1	1	1	1	1	1	1	1	1	1	1	1	1	1	1	1	1	1	1	1	1	1	1	1	1	1	1	1	1	1	1	1	1	1	1	1
14	2.224443	1	0	1	1	1	1	1	1	1	1	1	1	1	1	1	1	1	1	1	1	1	1	1	1	1	1	1	1	0	1	1	1	1	1	1	1	1	1	1	1	1	1	1	1	1	1	1	1	1	1	1	1	1	1	1	1	1	1	1	1	1	1	1	1	1	1	1	1	1	1	1	1	1	1	1	1	1	1	1	1	1	1	1	1	1	1	1	1	1	1	1	1	1	1	1	1	1
15	8.571589	1	0	1	1	1	1	1	1	1	1	1	0	1	1	1	1	1	1	0	1	1	1	1	1	1	1	1	1	0	1	1	1	1	1	1	1	1	1	1	1	1	1	1	1	1	1	1	1	1	1	1	1	1	1	1	1	1	1	1	1	1	1	1	1	1	1	1	1	1	1	1	1	1	1	1	1	1	1	1	1	1	1	1	1	1	1	1	1	1	1	1	1	1	1	1	1	1
16	52.877228	1	1	1	1	1	1	1	1	1	1	1	1	1	1	1	1	1	1	1	1	1	1	1	1	1	1	1	1	0	1	1	1	1	1	1	1	1	1	1	1	1	1	1	1	1	1	1	1	1	1	1	1	1	1	1	1	1	1	1	1	1	1	1	1	1	1	1	1	1	1	1	1	1	1	1	1	1	1	1	1	1	1	1	1	1	1	1	1	1	1	1	1	1	1	1	1	1
17	.927158	1	1	1	1	1	1	1	1	1	1	1	0	1	1	1	1	1	1	1	1	1	1	1	1	1	1	1	1	0	1	1	1	1	1	1	1	1	1	1	1	1	1	1	1	1	1	1	1	1	1	1	1	1	1	1	1	1	1	1	1	1	1	1	1	1	1	1	1	1	1	1	1	1	1	1	1	1	1	1	1	1	1	1	1	1	1	1	1	1	1	1	1	1	1	1	1	1
18	4.045089	1	1	0	1	1	1	0	0	1	0	1	0	0	1	0	1	0	0	0	0	1	1	0	1	1	0	1	1	0	1	1	1	1	0	0	1	1	0	1	1	1	1	1	1	1	0	0	0	0	1	0	0	0	0	0	0	1	1	1	0	1	1	0	0	0	1	0	0	0	0	1	1	0	1	0	1	1	0	1	0	0	1	1	0	0	1	0	0	0	1	1	0	0	0	0	0	0
19	.851497	1	1	0	1	1	1	0	0	1	0	1	0	0	1	0	1	0	0	0	0	1	1	0	1	1	0	1	1	0	1	1	1	1	0	0	1	1	0	1	1	1	1	1	1	0	0	0	0	0	1	0	0	0	0	0	0	1	1	1	0	1	1	0	0	0	1	0	0	0	0	1	1	0	1	0	1	1	0	1	0	0	1	1	0	0	1	0	0	0	1	1	0	0	0	0	0	0
20	.796277	1	1	0	1	1	1	0	0	1	0	1	0	0	0	0	1	0	0	0	0	0	1	0	1	0	0	1	1	0	0	1	1	1	0	0	1	1	0	0	0	0	0	0	1	0	0	0	0	0	1	0	0	0	0	0	0	0	1	1	0	1	1	0	0	0	1	0	0	0	0	1	0	0	1	0	0	0	0	0	0	0	1	0	0	0	1	0	0	0	1	1	0	0	0	0	0	0
21	48.673668	1	1	1	1	1	1	1	1	1	1	1	0	1	1	1	1	1	1	1	1	1	1	1	1	1	1	1	1	1	1	1	1	1	1	1	1	1	1	1	1	1	1	1	1	1	1	1	1	1	1	1	1	1	1	1	1	1	1	1	1	1	1	1	1	1	1	1	1	1	1	1	1	1	1	1	1	1	1	1	1	1	1	1	1	1	1	1	1	1	1	1	1	1	1	1	1	1
22	13.691022	1	1	1	1	1	1	1	1	1	1	1	0	1	1	1	1	1	1	0	1	1	1	1	1	1	1	1	1	1	1	1	1	1	1	1	1	1	1	1	1	1	1	1	1	1	1	1	1	1	1	1	1	1	1	1	1	1	1	1	1	1	1	1	1	1	1	1	1	1	1	1	1	1	1	1	1	1	1	1	1	1	1	1	1	1	1	1	1	1	1	1	1	1	1	1	1	1
23	.120734	1	1	0	1	1	1	0	0	1	1	1	0	0	1	0	1	0	0	0	0	1	1	0	1	1	0	1	1	1	1	1	1	1	0	0	1	1	0	1	1	1	1	1	1	1	0	0	0	0	1	0	0	0	0	0	0	1	1	1	0	1	1	0	0	0	1	0	0	0	0	1	1	0	1	0	1	1	0	1	0	0	1	1	0	0	1	0	0	0	1	1	0	0	0	0	0	0
24	.003174	1	1	0	1	1	1	0	0	1	0	1	0	0	1	0	1	0	0	0	0	1	1	0	1	1	0	1	1	1	1	1	1	1	0	0	1	1	0	1	1	1	1	1	1	1	0	0	0	0	1	0	0	0	0	0	0	1	1	1	0	1	1	0	0	0	1	0	0	0	0	1	1	0	1	0	1	1	0	1	0	0	1	1	0	0	1	0	0	0	1	1	0	0	0	0	0	0
25	.00364	1	1	0	1	1	1	0	0	1	0	1	0	0	1	0	1	0	0	0	0	1	1	0	1	1	0	1	1	1	1	1	1	1	0	0	1	1	0	1	1	1	1	1	1	0	0	0	0	0	1	0	0	0	0	0	0	1	1	1	0	1	1	0	0	0	1	0	0	0	0	1	1	0	1	0	1	1	0	1	0	0	1	1	0	0	1	0	0	0	1	1	0	0	0	0	0	0
26	11.474978	1	1	0	1	1	1	0	0	1	0	1	0	0	1	0	1	0	0	0	0	1	1	0	1	1	0	1	1	1	1	1	1	1	0	0	1	1	0	1	1	1	1	0	1	0	0	0	0	0	1	0	0	0	0	0	0	1	1	1	0	1	1	0	0	0	1	0	0	0	0	1	1	0	1	0	1	1	0	1	0	0	1	1	0	0	1	0	0	0	1	1	0	0	0	0	0	0
27	11.095706	1	1	0	1	1	1	0	0	1	0	1	0	0	0	0	1	0	0	0	0	1	1	0	1	0	0	1	1	1	1	1	1	1	0	0	1	1	0	0	1	1	0	0	1	0	0	0	0	0	1	0	0	0	0	0	0	1	1	1	0	1	1	0	0	0	1	0	0	0	0	1	1	0	1	0	1	1	0	1	0	0	1	1	0	0	1	0	0	0	1	1	0	0	0	0	0	0
28	.537926	1	1	0	1	1	1	0	0	1	0	1	0	0	0	0	1	0	0	0	0	0	1	0	1	0	0	1	1	1	1	1	1	1	0	0	1	1	0	0	1	0	0	0	1	0	0	0	0	0	1	0	0	0	0	0	0	1	1	1	0	1	1	0	0	0	1	0	0	0	0	1	0	0	1	0	0	1	0	0	0	0	1	0	0	0	1	0	0	0	1	1	0	0	0	0	0	0
29	2.635019	1	1	0	1	1	1	0	0	1	0	1	0	0	0	0	1	0	0	0	0	0	1	0	1	0	0	1	1	1	0	1	1	1	0	0	0	1	0	0	0	0	0	0	1	0	0	0	0	0	1	0	0	0	0	0	0	0	1	1	0	1	1	0	0	0	1	0	0	0	0	1	0	0	1	0	0	0	0	0	0	0	1	0	0	0	1	0	0	0	1	1	0	0	0	0	0	0
30	53.82291	1	1	1	1	1	1	1	1	1	1	1	1	1	1	1	1	1	1	0	1	1	1	1	1	1	1	1	1	1	1	1	1	1	1	1	1	1	1	1	1	1	1	1	1	1	1	1	1	1	1	1	1	1	1	1	1	1	1	1	1	1	1	1	1	1	1	1	1	1	1	1	1	1	1	1	1	1	1	1	1	1	1	1	1	1	1	1	1	1	1	1	1	1	1	1	1	1
31	1.402638	1	1	0	1	1	1	0	0	1	0	1	1	0	1	0	1	0	0	0	0	1	1	0	1	1	0	1	1	1	1	1	1	1	0	0	1	1	0	0	1	1	1	0	1	0	0	0	0	0	1	0	0	0	0	0	0	1	1	1	0	1	1	0	0	0	1	0	0	0	0	1	1	0	1	0	1	1	0	1	0	0	1	1	0	0	1	0	0	0	1	1	0	0	0	0	0	0
32	.04966	1	1	0	1	1	1	0	0	1	0	1	1	0	0	0	1	0	0	0	0	0	1	0	1	0	0	1	1	1	0	1	1	1	0	0	1	1	0	0	0	0	0	0	1	0	0	0	0	0	1	0	0	0	0	0	0	0	1	1	0	1	1	0	0	0	1	0	0	0	0	1	0	0	1	0	0	0	0	0	0	0	1	0	0	0	1	0	0	0	1	1	0	0	0	0	0	0
33	4.236587	1	1	0	1	1	1	0	0	1	0	1	1	0	0	0	1	0	0	0	0	0	1	0	1	0	0	1	1	1	0	1	1	1	0	0	0	1	0	0	0	0	0	0	1	0	0	0	0	0	1	0	0	0	0	0	0	0	1	1	0	1	1	0	0	0	1	0	0	0	0	1	0	0	1	0	0	0	0	0	0	0	1	0	0	0	1	0	0	0	1	1	0	0	0	0	0	0
34	79.638588	1	1	1	1	1	1	1	1	1	1	1	1	1	1	1	1	1	1	1	1	1	1	1	1	1	1	1	1	1	1	1	1	1	1	1	1	1	1	1	1	1	1	1	1	1	1	1	1	1	1	1	1	1	1	1	1	1	1	1	1	1	1	1	1	1	1	1	1	1	1	1	1	1	1	1	1	1	0	1	1	1	1	1	1	1	1	1	1	1	1	1	1	1	1	1	1	1
35	.035767	1	1	0	1	1	1	0	0	1	0	1	1	0	0	0	1	0	0	1	0	0	1	0	1	0	0	1	1	1	0	1	1	1	0	0	1	1	0	0	0	0	0	0	1	0	0	0	0	0	1	0	0	0	0	0	0	0	1	1	0	1	1	0	0	0	1	0	0	0	0	1	0	0	1	0	0	0	0	0	0	0	1	0	0	0	1	0	0	0	1	1	0	0	0	0	0	0
36	.050719	1	1	0	1	1	1	0	0	1	0	1	1	0	0	0	1	0	0	1	0	0	1	0	1	0	0	1	1	1	0	1	1	1	0	0	0	1	0	0	0	0	0	0	1	0	0	0	0	0	1	0	0	0	0	0	0	0	1	1	0	1	1	0	0	0	1	0	0	0	0	1	0	0	1	0	0	0	0	0	0	0	1	0	0	0	1	0	0	0	1	1	0	0	0	0	0	0
37	72.260361	1	1	1	1	1	1	1	1	1	1	1	1	1	1	1	1	1	1	1	0	1	1	1	1	1	1	1	1	1	1	1	1	1	1	1	1	1	1	1	1	1	1	1	1	1	1	1	1	1	1	1	1	1	1	1	1	1	1	1	1	1	1	1	1	1	1	1	1	1	1	1	1	1	1	1	1	1	1	1	1	1	1	1	1	1	1	1	1	1	1	1	1	1	1	1	1	1
38	.001957	1	1	0	1	1	1	0	0	1	1	1	1	0	1	0	1	1	0	1	0	1	1	0	1	1	0	1	1	1	1	1	1	1	0	1	1	1	0	1	1	1	1	1	1	1	0	0	0	0	1	0	0	0	0	0	0	1	1	1	0	1	1	0	0	0	1	0	0	0	0	1	1	0	1	0	1	1	1	1	0	0	1	1	0	0	1	0	0	0	1	1	0	0	0	0	0	0
39	.144009	1	1	0	1	1	1	0	0	1	1	1	1	0	1	0	1	0	0	1	0	1	1	0	1	1	0	1	1	1	1	1	1	1	0	0	1	1	0	1	1	1	1	1	1	1	0	0	0	0	1	0	0	0	0	0	0	1	1	1	0	1	1	0	0	0	1	0	0	0	0	1	1	0	1	0	1	1	1	1	0	0	1	1	0	0	1	0	0	0	1	1	0	0	0	0	0	0
40	.002209	1	1	0	1	1	1	0	0	1	0	1	1	0	1	0	1	0	0	1	0	1	1	0	1	1	0	1	1	1	1	1	1	1	0	0	1	1	0	1	1	1	1	1	1	1	0	0	0	0	1	0	0	0	0	0	0	1	1	1	0	1	1	0	0	0	1	0	0	0	0	1	1	0	1	0	1	1	1	1	0	0	1	1	0	0	1	0	0	0	1	1	0	0	0	0	0	0
41	20.643396	1	1	0	1	1	1	0	0	1	0	1	1	0	0	0	1	0	0	1	0	1	1	0	1	0	0	1	1	1	1	1	1	1	0	0	1	1	0	0	1	1	1	0	1	0	0	0	0	0	1	0	0	0	0	0	0	1	1	1	0	1	1	0	0	0	1	0	0	0	0	1	1	0	1	0	1	1	1	1	0	0	1	1	0	0	1	0	0	0	1	1	0	0	0	0	0	0
42	8.732774	1	1	0	1	1	1	0	0	1	0	1	1	0	0	0	1	0	0	1	0	1	1	0	1	0	0	1	1	1	1	1	1	1	0	0	1	1	0	0	1	1	0	0	1	0	0	0	0	0	1	0	0	0	0	0	0	1	1	1	0	1	1	0	0	0	1	0	0	0	0	1	1	0	1	0	1	1	1	1	0	0	1	1	0	0	1	0	0	0	1	1	0	0	0	0	0	0
43	2.79708	1	1	0	1	1	1	0	0	1	0	1	1	0	0	0	1	0	0	1	0	0	1	0	1	0	0	1	1	1	1	1	1	1	0	0	1	1	0	0	1	0	0	0	1	0	0	0	0	0	1	0	0	0	0	0	0	1	1	1	0	1	1	0	0	0	1	0	0	0	0	1	1	0	1	0	1	1	1	1	0	0	1	1	0	0	1	0	0	0	1	1	0	0	0	0	0	0
44	7.592782	1	1	0	1	1	1	0	0	1	0	1	1	0	0	0	1	0	0	1	0	0	1	0	1	0	0	1	1	1	1	1	1	1	0	0	1	1	0	0	1	0	0	0	1	0	0	0	0	0	1	0	0	0	0	0	0	1	1	1	0	1	1	0	0	0	1	0	0	0	0	1	1	0	1	0	1	1	1	0	0	0	1	1	0	0	1	0	0	0	1	1	0	0	0	0	0	0
45	1.344748	1	1	0	1	1	1	0	0	1	0	1	1	0	0	0	1	0	0	1	0	0	1	0	1	0	0	1	1	1	1	1	1	1	0	0	1	1	0	0	1	0	0	0	1	0	0	0	0	0	1	0	0	0	0	0	0	1	1	1	0	1	1	0	0	0	1	0	0	0	0	1	0	0	1	0	0	0	1	0	0	0	1	0	0	0	1	0	0	0	1	1	0	0	0	0	0	0
46	.035365	1	1	0	1	1	1	0	0	1	0	1	1	0	0	0	1	0	0	1	0	0	1	0	1	0	0	1	1	1	1	1	1	1	0	0	1	1	0	0	0	0	0	0	1	0	0	0	0	0	1	0	0	0	0	0	0	1	1	1	0	1	1	0	0	0	1	0	0	0	0	1	0	0	1	0	0	0	1	0	0	0	1	0	0	0	1	0	0	0	1	1	0	0	0	0	0	0
47	7.99053	1	1	0	1	1	1	0	0	1	0	1	1	0	0	0	1	0	0	1	0	0	1	0	1	0	0	1	1	1	1	1	1	1	0	0	1	1	0	0	0	0	0	0	1	0	0	0	0	0	1	0	0	0	0	0	0	0	1	1	0	1	1	0	0	0	1	0	0	0	0	1	0	0	1	0	0	0	1	0	0	0	1	0	0	0	1	0	0	0	1	1	0	0	0	0	0	0
48	.044774	1	1	0	1	1	1	0	0	1	0	1	1	0	0	0	1	0	0	1	0	0	1	0	1	0	0	1	1	1	0	1	1	1	0	0	1	1	0	0	0	0	0	0	1	0	0	0	0	0	1	0	0	0	0	0	0	0	1	1	0	1	1	0	0	0	1	0	0	0	0	1	0	0	1	0	0	0	1	0	0	0	1	0	0	0	1	0	0	0	1	1	0	0	0	0	0	0
49	.05045	1	1	0	1	1	1	0	0	1	0	1	1	0	0	0	1	0	0	1	0	0	1	0	1	0	0	1	1	1	0	1	1	1	0	0	0	1	0	0	0	0	0	0	1	0	0	0	0	0	1	0	0	0	0	0	0	0	1	1	0	1	1	0	0	0	1	0	0	0	0	1	0	0	1	0	0	0	1	0	0	0	1	0	0	0	1	0	0	0	1	1	0	0	0	0	0	0
50	120.151657	1	1	1	1	1	1	1	1	1	1	1	1	1	1	1	1	1	1	1	1	1	1	1	1	1	1	1	1	1	1	1	1	1	1	1	1	1	1	1	1	1	1	1	1	1	1	1	1	1	1	1	1	1	1	1	1	1	1	1	1	1	1	1	1	1	1	1	1	1	1	1	1	1	1	1	1	1	1	1	1	1	1	1	1	1	1	1	1	1	1	1	1	1	1	1	1	0
51	.797783	1	1	0	1	1	1	0	0	1	1	1	1	1	1	0	1	1	0	1	1	1	1	0	1	1	0	1	1	1	1	1	1	1	0	1	1	1	0	1	1	1	1	1	1	1	0	0	0	0	1	0	0	0	0	0	0	1	1	1	0	1	1	0	0	0	1	0	0	0	1	1	1	0	1	0	1	1	1	1	0	0	1	1	0	0	1	0	0	0	1	1	0	0	0	0	0	0
52	.005372	1	1	0	1	1	1	0	0	1	1	1	1	0	1	0	1	1	0	1	1	1	1	0	1	1	0	1	1	1	1	1	1	1	0	1	1	1	0	1	1	1	1	1	1	1	0	0	0	0	1	0	0	0	0	0	0	1	1	1	0	1	1	0	0	0	1	0	0	0	1	1	1	0	1	0	1	1	1	1	0	0	1	1	0	0	1	0	0	0	1	1	0	0	0	0	0	0
53	.095765	1	1	0	1	1	1	0	0	1	1	1	1	0	1	0	1	1	0	1	1	1	1	0	1	1	0	1	1	1	1	1	1	1	0	1	1	1	0	1	1	1	1	1	1	1	0	0	0	0	1	0	0	0	0	0	0	1	1	1	0	1	1	0	0	0	1	0	0	0	0	1	1	0	1	0	1	1	1	1	0	0	1	1	0	0	1	0	0	0	1	1	0	0	0	0	0	0
54	.010607	1	1	0	1	1	1	0	0	1	1	1	1	0	1	0	1	0	0	1	1	1	1	0	1	1	0	1	1	1	1	1	1	1	0	0	1	1	0	1	1	1	1	1	1	1	0	0	0	0	1	0	0	0	0	0	0	1	1	1	0	1	1	0	0	0	1	0	0	0	0	1	1	0	1	0	1	1	1	1	0	0	1	1	0	0	1	0	0	0	1	1	0	0	0	0	0	0
55	.007693	1	1	0	1	1	1	0	0	1	0	1	1	0	1	0	1	0	0	1	1	1	1	0	1	1	0	1	1	1	1	1	1	1	0	0	1	1	0	1	1	1	1	1	1	1	0	0	0	0	1	0	0	0	0	0	0	1	1	1	0	1	1	0	0	0	1	0	0	0	0	1	1	0	1	0	1	1	1	1	0	0	1	1	0	0	1	0	0	0	1	1	0	0	0	0	0	0
56	.00597	1	1	0	1	1	1	0	0	1	0	1	1	0	1	0	1	0	0	1	1	1	1	0	1	1	0	1	1	1	1	1	1	1	0	0	1	1	0	1	1	1	1	1	1	0	0	0	0	0	1	0	0	0	0	0	0	1	1	1	0	1	1	0	0	0	1	0	0	0	0	1	1	0	1	0	1	1	1	1	0	0	1	1	0	0	1	0	0	0	1	1	0	0	0	0	0	0
57	10.765962	1	1	0	1	1	1	0	0	1	0	1	1	0	1	0	1	0	0	1	1	1	1	0	1	1	0	1	1	1	1	1	1	1	0	0	1	1	0	1	1	1	1	0	1	0	0	0	0	0	1	0	0	0	0	0	0	1	1	1	0	1	1	0	0	0	1	0	0	0	0	1	1	0	1	0	1	1	1	1	0	0	1	1	0	0	1	0	0	0	1	1	0	0	0	0	0	0
58	11.872207	1	1	0	1	1	1	0	0	1	0	1	1	0	1	0	1	0	0	1	1	1	1	0	1	1	0	1	1	1	1	1	1	1	0	0	1	1	0	0	1	1	1	0	1	0	0	0	0	0	1	0	0	0	0	0	0	1	1	1	0	1	1	0	0	0	1	0	0	0	0	1	1	0	1	0	1	1	1	1	0	0	1	1	0	0	1	0	0	0	1	1	0	0	0	0	0	0
59	.00485	1	1	0	1	1	1	0	0	1	0	1	1	0	0	0	1	0	0	1	1	1	1	0	1	1	0	1	1	1	1	1	1	1	0	0	1	1	0	0	1	1	1	0	1	0	0	0	0	0	1	0	0	0	0	0	0	1	1	1	0	1	1	0	0	0	1	0	0	0	0	1	1	0	1	0	1	1	1	1	0	0	1	1	0	0	1	0	0	0	1	1	0	0	0	0	0	0
60	11.740061	1	1	0	1	1	1	0	0	1	0	1	1	0	0	0	1	0	0	1	1	1	1	0	1	0	0	1	1	1	1	1	1	1	0	0	1	1	0	0	1	1	1	0	1	0	0	0	0	0	1	0	0	0	0	0	0	1	1	1	0	1	1	0	0	0	1	0	0	0	0	1	1	0	1	0	1	1	1	1	0	0	1	1	0	0	1	0	0	0	1	1	0	0	0	0	0	0
61	6.472747	1	1	0	1	1	1	0	0	1	0	1	1	0	0	0	1	0	0	1	1	0	1	0	1	0	0	1	1	1	1	1	1	1	0	0	1	1	0	0	1	1	0	0	1	0	0	0	0	0	1	0	0	0	0	0	0	1	1	1	0	1	1	0	0	0	1	0	0	0	0	1	1	0	1	0	1	1	1	1	0	0	1	1	0	0	1	0	0	0	1	1	0	0	0	0	0	0
62	68.762001	1	1	1	1	1	1	1	1	1	1	1	1	1	1	1	1	1	1	1	1	1	1	1	1	1	1	1	1	1	1	1	1	1	1	1	1	1	1	1	1	1	1	1	1	1	1	1	1	1	1	1	1	1	1	1	0	1	1	1	1	1	1	1	1	1	1	1	1	1	1	1	1	1	1	1	1	1	1	1	1	1	1	1	1	1	1	1	1	1	1	1	1	1	1	1	1	1
63	.004468	1	1	0	1	1	1	0	0	1	1	1	1	0	1	0	1	1	0	1	1	1	1	0	1	1	0	1	1	1	1	1	1	1	0	1	1	1	0	1	1	1	1	1	1	1	0	0	0	0	1	0	0	0	0	0	0	1	1	1	0	1	1	0	0	0	1	0	0	0	0	1	1	0	1	0	1	1	1	1	0	0	1	1	0	0	1	0	0	0	1	1	0	0	0	0	0	1
64	.005623	1	1	0	1	1	1	0	0	1	1	1	1	0	1	0	1	0	0	1	1	1	1	0	1	1	0	1	1	1	1	1	1	1	0	0	1	1	0	1	1	1	1	1	1	1	0	0	0	0	1	0	0	0	0	0	0	1	1	1	0	1	1	0	0	0	1	0	0	0	0	1	1	0	1	0	1	1	1	1	0	0	1	1	0	0	1	0	0	0	1	1	0	0	0	0	0	1
65	.003039	1	1	0	1	1	1	0	0	1	0	1	1	0	1	0	1	0	0	1	1	1	1	0	1	1	0	1	1	1	1	1	1	1	0	0	1	1	0	1	1	1	1	1	1	1	0	0	0	0	1	0	0	0	0	0	0	1	1	1	0	1	1	0	0	0	1	0	0	0	0	1	1	0	1	0	1	1	1	1	0	0	1	1	0	0	1	0	0	0	1	1	0	0	0	0	0	1
66	10.91334	1	1	0	1	1	1	0	0	1	0	1	1	0	1	0	1	0	0	1	1	1	1	0	1	1	0	1	1	1	1	1	1	1	0	0	1	1	0	0	1	1	1	0	1	0	0	0	0	0	1	0	0	0	0	0	0	1	1	1	0	1	1	0	0	0	1	0	0	0	0	1	1	0	1	0	1	1	1	1	0	0	1	1	0	0	1	0	0	0	1	1	0	0	0	0	0	1
67	14.398886	1	1	0	1	1	1	0	0	1	0	1	1	0	0	0	1	0	0	1	1	1	1	0	1	1	0	1	1	1	1	1	1	1	0	0	1	1	0	0	1	1	1	0	1	0	0	0	0	0	1	0	0	0	0	0	0	1	1	1	0	1	1	0	0	0	1	0	0	0	0	1	1	0	1	0	1	1	1	1	0	0	1	1	0	0	1	0	0	0	1	1	0	0	0	0	0	1
68	53.147041	1	1	0	1	1	1	0	0	1	0	1	1	0	0	0	1	0	0	1	1	1	1	0	1	0	0	1	1	1	1	1	1	1	0	0	1	1	0	0	1	1	1	0	1	0	0	0	0	0	1	0	0	0	0	0	0	1	1	1	0	1	1	0	0	0	1	0	0	0	0	1	1	0	1	0	1	1	1	1	0	0	1	1	0	0	1	0	0	0	1	1	0	0	0	0	0	1
69	21.016396	1	1	0	1	1	1	0	0	1	0	1	1	0	0	0	1	0	0	1	1	1	1	0	1	0	0	1	1	1	1	1	1	1	0	0	1	1	0	0	1	1	0	0	1	0	0	0	0	0	1	0	0	0	0	0	0	1	1	1	0	1	1	0	0	0	1	0	0	0	0	1	1	0	1	0	1	1	1	1	0	0	1	1	0	0	1	0	0	0	1	1	0	0	0	0	0	1
70	12.816477	1	1	0	1	1	1	0	0	1	0	1	1	0	0	0	1	0	0	1	1	0	1	0	1	0	0	1	1	1	1	1	1	1	0	0	1	1	0	0	1	1	0	0	1	0	0	0	0	0	1	0	0	0	0	0	0	1	1	1	0	1	1	0	0	0	1	0	0	0	0	1	1	0	1	0	1	1	1	1	0	0	1	1	0	0	1	0	0	0	1	1	0	0	0	0	0	1
71	.065677	1	1	0	1	1	1	0	0	1	0	1	1	0	0	0	1	0	0	1	1	0	1	0	1	0	0	1	1	1	1	1	1	1	0	0	1	1	0	0	1	0	0	0	1	0	0	0	0	0	1	0	0	0	0	0	0	1	1	1	0	1	1	0	0	0	1	0	0	0	0	1	1	0	1	0	1	1	1	1	0	0	1	1	0	0	1	0	0	0	1	1	0	0	0	0	0	1
72	1.729706	1	1	0	1	1	1	0	0	1	0	1	1	0	0	0	1	0	0	1	1	0	1	0	1	0	0	1	1	1	1	1	1	1	0	0	1	1	0	0	1	0	0	0	1	0	0	0	0	0	1	0	0	0	0	0	0	1	1	1	0	1	1	0	0	0	1	0	0	0	0	1	1	0	1	0	1	1	1	0	0	0	1	1	0	0	1	0	0	0	1	1	0	0	0	0	0	1
73	6.89304	1	1	0	1	1	1	0	0	1	0	1	1	0	0	0	1	0	0	1	1	0	1	0	1	0	0	1	1	1	1	1	1	1	0	0	1	1	0	0	1	0	0	0	1	0	0	0	0	0	1	0	0	0	0	0	0	1	1	1	0	1	1	0	0	0	1	0	0	0	0	1	0	0	1	0	0	0	1	0	0	0	1	0	0	0	1	0	0	0	1	1	0	0	0	0	0	1
74	.026142	1	1	0	1	1	1	0	0	1	0	1	1	0	0	0	1	0	0	1	1	0	1	0	1	0	0	1	1	1	1	1	1	1	0	0	1	1	0	0	0	0	0	0	1	0	0	0	0	0	1	0	0	0	0	0	0	1	1	1	0	1	1	0	0	0	1	0	0	0	0	1	0	0	1	0	0	0	1	0	0	0	1	0	0	0	1	0	0	0	1	1	0	0	0	0	0	1
75	.032485	1	1	0	1	1	1	0	0	1	0	1	1	0	0	0	1	0	0	1	1	0	1	0	1	0	0	1	1	1	1	1	1	1	0	0	1	1	0	0	0	0	0	0	1	0	0	0	0	0	1	0	0	0	0	0	0	0	1	1	0	1	1	0	0	0	1	0	0	0	0	1	0	0	1	0	0	0	1	0	0	0	1	0	0	0	1	0	0	0	1	1	0	0	0	0	0	1
76	66.657082	1	1	1	1	1	1	1	1	1	1	1	1	1	1	1	1	1	1	1	1	1	1	1	1	1	1	1	1	1	1	1	1	1	0	1	1	1	1	1	1	1	1	1	1	1	1	1	1	1	1	1	1	1	1	1	1	1	1	1	1	1	1	1	1	1	1	1	1	1	1	1	1	1	1	1	1	1	1	1	1	1	1	1	1	1	1	1	1	1	1	1	1	1	1	1	1	1
77	.00297	1	1	0	1	1	1	0	0	1	1	1	1	1	1	0	1	1	0	1	1	1	1	0	1	1	0	1	1	1	1	1	1	1	0	1	1	1	0	1	1	1	1	1	1	1	0	0	0	0	1	0	0	0	0	0	1	1	1	1	0	1	1	0	0	0	1	0	0	0	1	1	1	0	1	0	1	1	1	1	0	0	1	1	0	0	1	0	0	0	1	1	0	0	0	0	0	1
78	.002777	1	1	0	1	1	1	0	0	1	1	1	1	0	1	0	1	1	0	1	1	1	1	0	1	1	0	1	1	1	1	1	1	1	0	1	1	1	0	1	1	1	1	1	1	1	0	0	0	0	1	0	0	0	0	0	1	1	1	1	0	1	1	0	0	0	1	0	0	0	1	1	1	0	1	0	1	1	1	1	0	0	1	1	0	0	1	0	0	0	1	1	0	0	0	0	0	1
79	.006952	1	1	0	1	1	1	0	0	1	1	1	1	0	1	0	1	1	0	1	1	1	1	0	1	1	0	1	1	1	1	1	1	1	0	1	1	1	0	1	1	1	1	1	1	1	0	0	0	0	1	0	0	0	0	0	1	1	1	1	0	1	1	0	0	0	1	0	0	0	0	1	1	0	1	0	1	1	1	1	0	0	1	1	0	0	1	0	0	0	1	1	0	0	0	0	0	1
80	.007282	1	1	0	1	1	1	0	0	1	1	1	1	0	1	0	1	0	0	1	1	1	1	0	1	1	0	1	1	1	1	1	1	1	0	0	1	1	0	1	1	1	1	1	1	1	0	0	0	0	1	0	0	0	0	0	1	1	1	1	0	1	1	0	0	0	1	0	0	0	0	1	1	0	1	0	1	1	1	1	0	0	1	1	0	0	1	0	0	0	1	1	0	0	0	0	0	1
81	.003876	1	1	0	1	1	1	0	0	1	0	1	1	0	1	0	1	0	0	1	1	1	1	0	1	1	0	1	1	1	1	1	1	1	0	0	1	1	0	1	1	1	1	1	1	1	0	0	0	0	1	0	0	0	0	0	1	1	1	1	0	1	1	0	0	0	1	0	0	0	0	1	1	0	1	0	1	1	1	1	0	0	1	1	0	0	1	0	0	0	1	1	0	0	0	0	0	1
82	14.256702	1	1	0	1	1	1	0	0	1	0	1	1	0	1	0	1	0	0	1	1	1	1	0	1	1	0	1	1	1	1	1	1	1	0	0	1	1	0	1	1	1	1	0	1	0	0	0	0	0	1	0	0	0	0	0	1	1	1	1	0	1	1	0	0	0	1	0	0	0	0	1	1	0	1	0	1	1	1	1	0	0	1	1	0	0	1	0	0	0	1	1	0	0	0	0	0	1
83	19.32604	1	1	0	1	1	1	0	0	1	0	1	1	0	0	0	1	0	0	1	1	1	1	0	1	0	0	1	1	1	1	1	1	1	0	0	1	1	0	0	1	1	1	0	1	0	0	0	0	0	1	0	0	0	0	0	1	1	1	1	0	1	1	0	0	0	1	0	0	0	0	1	1	0	1	0	1	1	1	1	0	0	1	1	0	0	1	0	0	0	1	1	0	0	0	0	0	1
84	.073842	1	1	0	1	1	1	0	0	1	0	1	1	0	0	0	1	0	0	1	1	0	1	0	1	0	0	1	1	1	1	1	1	1	0	0	1	1	0	0	1	0	0	0	1	0	0	0	0	0	1	0	0	0	0	0	1	1	1	1	0	1	1	0	0	0	1	0	0	0	0	1	1	0	1	0	1	1	1	1	0	0	1	1	0	0	1	0	0	0	1	1	0	0	0	0	0	1
85	.048524	1	1	0	1	1	1	0	0	1	0	1	1	0	0	0	1	0	0	1	1	0	1	0	1	0	0	1	1	1	1	1	1	1	0	0	1	1	0	0	1	0	0	0	1	0	0	0	0	0	1	0	0	0	0	0	1	1	1	1	0	1	1	0	0	0	1	0	0	0	0	1	0	0	1	0	0	0	1	0	0	0	1	0	0	0	1	0	0	0	1	1	0	0	0	0	0	1
86	80.91642	1	1	1	1	1	1	1	0	1	1	1	1	1	1	1	1	1	1	1	1	1	1	1	1	1	1	1	1	1	1	1	1	1	1	1	1	1	1	1	1	1	1	1	1	1	1	1	1	1	1	1	1	1	1	1	1	1	1	1	1	1	1	1	1	1	1	1	1	1	1	1	1	1	1	1	1	1	1	1	1	1	1	1	1	1	1	1	1	1	1	1	1	1	1	1	1	1
87	.004045	1	1	0	1	1	1	0	0	1	1	1	1	1	1	0	1	1	0	1	1	1	1	0	1	1	0	1	1	1	1	1	1	1	1	1	1	1	0	1	1	1	1	1	1	1	0	0	0	0	1	0	0	0	0	0	1	1	1	1	0	1	1	0	0	0	1	0	0	0	1	1	1	0	1	0	1	1	1	1	0	0	1	1	0	0	1	0	0	0	1	1	0	0	0	0	0	1
88	.003807	1	1	0	1	1	1	0	0	1	1	1	1	0	1	0	1	1	0	1	1	1	1	0	1	1	0	1	1	1	1	1	1	1	1	1	1	1	0	1	1	1	1	1	1	1	0	0	0	0	1	0	0	0	0	0	1	1	1	1	0	1	1	0	0	0	1	0	0	0	1	1	1	0	1	0	1	1	1	1	0	0	1	1	0	0	1	0	0	0	1	1	0	0	0	0	0	1
89	.080539	1	1	0	1	1	1	0	0	1	1	1	1	0	1	0	1	1	0	1	1	1	1	0	1	1	0	1	1	1	1	1	1	1	1	1	1	1	0	1	1	1	1	1	1	1	0	0	0	0	1	0	0	0	0	0	1	1	1	1	0	1	1	0	0	0	1	0	0	0	0	1	1	0	1	0	1	1	1	1	0	0	1	1	0	0	1	0	0	0	1	1	0	0	0	0	0	1
90	9.353967	1	1	0	1	1	1	0	0	1	1	1	1	0	1	0	1	0	0	1	1	1	1	0	1	1	0	1	1	1	1	1	1	1	1	0	1	1	0	1	1	1	1	1	1	1	0	0	0	0	1	0	0	0	0	0	1	1	1	1	0	1	1	0	0	0	1	0	0	0	0	1	1	0	1	0	1	1	1	1	0	0	1	1	0	0	1	0	0	0	1	1	0	0	0	0	0	1
91	.001908	1	1	0	1	1	1	0	0	1	0	1	1	0	1	0	1	0	0	1	1	1	1	0	1	1	0	1	1	1	1	1	1	1	1	0	1	1	0	1	1	1	1	1	1	1	0	0	0	0	1	0	0	0	0	0	1	1	1	1	0	1	1	0	0	0	1	0	0	0	0	1	1	0	1	0	1	1	1	1	0	0	1	1	0	0	1	0	0	0	1	1	0	0	0	0	0	1
92	.230012	1	1	0	1	1	1	0	0	1	0	1	1	0	1	0	1	0	0	1	1	1	1	0	1	1	0	1	1	1	1	1	1	1	1	0	1	1	0	1	1	1	1	1	1	0	0	0	0	0	1	0	0	0	0	0	1	1	1	1	0	1	1	0	0	0	1	0	0	0	0	1	1	0	1	0	1	1	1	1	0	0	1	1	0	0	1	0	0	0	1	1	0	0	0	0	0	1
93	2.823256	1	1	0	1	1	1	0	0	1	0	1	1	0	1	0	1	0	0	1	1	1	1	0	1	1	0	1	1	1	1	1	1	1	1	0	1	1	0	1	1	1	1	0	1	0	0	0	0	0	1	0	0	0	0	0	1	1	1	1	0	1	1	0	0	0	1	0	0	0	0	1	1	0	1	0	1	1	1	1	0	0	1	1	0	0	1	0	0	0	1	1	0	0	0	0	0	1
94	62.315647	1	1	1	1	1	1	0	1	1	1	1	1	1	1	1	1	1	1	1	1	1	1	1	1	1	1	1	1	1	1	1	1	1	1	1	1	1	1	1	1	1	1	1	1	1	1	1	1	1	1	1	1	1	1	1	1	1	1	1	1	1	1	1	1	1	1	1	1	1	1	1	1	1	1	1	1	1	1	1	1	1	1	1	1	1	1	1	1	1	1	1	1	1	1	1	1	1
95	.004298	1	1	0	1	1	1	0	1	1	1	1	1	1	1	0	1	1	0	1	1	1	1	0	1	1	0	1	1	1	1	1	1	1	1	1	1	1	0	1	1	1	1	1	1	1	0	0	0	0	1	0	0	0	1	0	1	1	1	1	0	1	1	0	0	0	1	0	0	0	1	1	1	0	1	0	1	1	1	1	0	0	1	1	0	0	1	0	0	0	1	1	0	0	0	0	0	1
96	2.452424	1	1	0	1	1	1	0	1	1	1	1	1	1	1	0	1	1	0	1	1	1	1	0	1	1	0	1	1	1	1	1	1	1	1	1	1	1	0	1	1	1	1	1	1	1	0	0	0	0	1	0	0	0	0	0	1	1	1	1	0	1	1	0	0	0	1	0	0	0	1	1	1	0	1	0	1	1	1	1	0	0	1	1	0	0	1	0	0	0	1	1	0	0	0	0	0	1
97	7.791523	1	1	0	1	1	1	0	1	1	1	1	1	0	1	0	1	1	0	1	1	1	1	0	1	1	0	1	1	1	1	1	1	1	1	1	1	1	0	1	1	1	1	1	1	1	0	0	0	0	1	0	0	0	0	0	1	1	1	1	0	1	1	0	0	0	1	0	0	0	1	1	1	0	1	0	1	1	1	1	0	0	1	1	0	0	1	0	0	0	1	1	0	0	0	0	0	1
98	.114841	1	1	0	1	1	1	0	1	1	1	1	1	0	1	0	1	1	0	1	1	1	1	0	1	1	0	1	1	1	1	1	1	1	1	1	1	1	0	1	1	1	1	1	1	1	0	0	0	0	1	0	0	0	0	0	1	1	1	1	0	1	1	0	0	0	1	0	0	0	0	1	1	0	1	0	1	1	1	1	0	0	1	1	0	0	1	0	0	0	1	1	0	0	0	0	0	1
99	.008337	1	1	0	1	1	1	0	1	1	1	1	1	0	1	0	1	0	0	1	1	1	1	0	1	1	0	1	1	1	1	1	1	1	1	0	1	1	0	1	1	1	1	1	1	1	0	0	0	0	1	0	0	0	0	0	1	1	1	1	0	1	1	0	0	0	1	0	0	0	0	1	1	0	1	0	1	1	1	1	0	0	1	1	0	0	1	0	0	0	1	1	0	0	0	0	0	1
100	.004729	1	1	0	1	1	1	0	1	1	0	1	1	0	1	0	1	0	0	1	1	1	1	0	1	1	0	1	1	1	1	1	1	1	1	0	1	1	0	1	1	1	1	1	1	1	0	0	0	0	1	0	0	0	0	0	1	1	1	1	0	1	1	0	0	0	1	0	0	0	0	1	1	0	1	0	1	1	1	1	0	0	1	1	0	0	1	0	0	0	1	1	0	0	0	0	0	1
101	17.570539	1	1	0	1	1	1	0	1	1	0	1	1	0	1	0	1	0	0	1	1	1	1	0	1	1	0	1	1	1	1	1	1	1	1	0	1	1	0	1	1	1	1	1	1	0	0	0	0	0	1	0	0	0	0	0	1	1	1	1	0	1	1	0	0	0	1	0	0	0	0	1	1	0	1	0	1	1	1	1	0	0	1	1	0	0	1	0	0	0	1	1	0	0	0	0	0	1
102	.003102	1	1	0	1	1	1	0	1	1	0	1	1	0	1	0	1	0	0	1	1	1	1	0	1	1	0	1	1	1	1	1	1	1	1	0	1	1	0	1	1	1	1	0	1	0	0	0	0	0	1	0	0	0	0	0	1	1	1	1	0	1	1	0	0	0	1	0	0	0	0	1	1	0	1	0	1	1	1	1	0	0	1	1	0	0	1	0	0	0	1	1	0	0	0	0	0	1
103	.002492	1	1	0	1	1	1	0	1	1	0	1	1	0	1	0	1	0	0	1	1	1	1	0	1	1	0	1	1	1	1	1	1	1	1	0	1	1	0	0	1	1	1	0	1	0	0	0	0	0	1	0	0	0	0	0	1	1	1	1	0	1	1	0	0	0	1	0	0	0	0	1	1	0	1	0	1	1	1	1	0	0	1	1	0	0	1	0	0	0	1	1	0	0	0	0	0	1
104	18.894409	1	1	0	1	1	1	0	1	1	0	1	1	0	0	0	1	0	0	1	1	1	1	0	1	1	0	1	1	1	1	1	1	1	1	0	1	1	0	0	1	1	1	0	1	0	0	0	0	0	1	0	0	0	0	0	1	1	1	1	0	1	1	0	0	0	1	0	0	0	0	1	1	0	1	0	1	1	1	1	0	0	1	1	0	0	1	0	0	0	1	1	0	0	0	0	0	1
105	.002508	1	1	0	1	1	1	0	1	1	0	1	1	0	0	0	1	0	0	1	1	1	1	0	1	0	0	1	1	1	1	1	1	1	1	0	1	1	0	0	1	1	0	0	1	0	0	0	0	0	1	0	0	0	0	0	1	1	1	1	0	1	1	0	0	0	1	0	0	0	0	1	1	0	1	0	1	1	1	1	0	0	1	1	0	0	1	0	0	0	1	1	0	0	0	0	0	1
106	7.929223	1	1	0	1	1	1	0	1	1	0	1	1	0	0	0	1	0	0	1	1	0	1	0	1	0	0	1	1	1	1	1	1	1	1	0	1	1	0	0	1	1	0	0	1	0	0	0	0	0	1	0	0	0	0	0	1	1	1	1	0	1	1	0	0	0	1	0	0	0	0	1	1	0	1	0	1	1	1	1	0	0	1	1	0	0	1	0	0	0	1	1	0	0	0	0	0	1
107	.093251	1	1	0	1	1	1	0	1	1	0	1	1	0	0	0	1	0	0	1	1	0	1	0	1	0	0	1	1	1	1	1	1	1	1	0	1	1	0	0	1	0	0	0	1	0	0	0	0	0	1	0	0	0	0	0	1	1	1	1	0	1	1	0	0	0	1	0	0	0	0	1	1	0	1	0	1	1	1	1	0	0	1	1	0	0	1	0	0	0	1	1	0	0	0	0	0	1
108	8.63929	1	1	0	1	1	1	0	1	1	0	1	1	0	0	0	1	0	0	1	1	0	1	0	1	0	0	1	1	1	1	1	1	1	1	0	1	1	0	0	1	0	0	0	1	0	0	0	0	0	1	0	0	0	0	0	1	1	1	1	0	1	1	0	0	0	1	0	0	0	0	1	1	0	1	0	1	1	1	0	0	0	1	1	0	0	1	0	0	0	1	1	0	0	0	0	0	1
109	45.821693	1	1	1	1	1	1	1	1	1	1	1	1	1	1	1	1	1	1	1	1	1	1	1	1	1	1	1	1	1	1	1	1	1	1	1	1	1	1	1	1	1	1	1	1	1	1	1	1	1	1	1	1	1	1	1	1	1	1	1	1	1	1	0	1	1	1	1	1	1	1	1	1	1	1	1	1	1	1	1	1	1	1	1	1	1	1	1	1	1	1	1	1	1	1	1	1	1
110	.002275	1	1	0	1	1	1	1	1	1	1	1	1	1	1	0	1	1	0	1	1	1	1	0	1	1	0	1	1	1	1	1	1	1	1	1	1	1	0	1	1	1	1	1	1	1	0	0	0	0	1	0	0	0	1	0	1	1	1	1	0	1	1	0	0	0	1	0	0	0	1	1	1	0	1	0	1	1	1	1	0	0	1	1	0	0	1	0	0	0	1	1	0	0	0	0	0	1
111	.00511	1	1	0	1	1	1	1	1	1	1	1	1	1	1	0	1	1	0	1	1	1	1	0	1	1	0	1	1	1	1	1	1	1	1	1	1	1	0	1	1	1	1	1	1	1	0	0	0	0	1	0	0	0	0	0	1	1	1	1	0	1	1	0	0	0	1	0	0	0	1	1	1	0	1	0	1	1	1	1	0	0	1	1	0	0	1	0	0	0	1	1	0	0	0	0	0	1
112	.005546	1	1	0	1	1	1	1	1	1	1	1	1	0	1	0	1	1	0	1	1	1	1	0	1	1	0	1	1	1	1	1	1	1	1	1	1	1	0	1	1	1	1	1	1	1	0	0	0	0	1	0	0	0	0	0	1	1	1	1	0	1	1	0	0	0	1	0	0	0	1	1	1	0	1	0	1	1	1	1	0	0	1	1	0	0	1	0	0	0	1	1	0	0	0	0	0	1
113	.093753	1	1	0	1	1	1	1	1	1	1	1	1	0	1	0	1	1	0	1	1	1	1	0	1	1	0	1	1	1	1	1	1	1	1	1	1	1	0	1	1	1	1	1	1	1	0	0	0	0	1	0	0	0	0	0	1	1	1	1	0	1	1	0	0	0	1	0	0	0	0	1	1	0	1	0	1	1	1	1	0	0	1	1	0	0	1	0	0	0	1	1	0	0	0	0	0	1
114	.006291	1	1	0	1	1	1	1	1	1	1	1	1	0	1	0	1	0	0	1	1	1	1	0	1	1	0	1	1	1	1	1	1	1	1	0	1	1	0	1	1	1	1	1	1	1	0	0	0	0	1	0	0	0	0	0	1	1	1	1	0	1	1	0	0	0	1	0	0	0	0	1	1	0	1	0	1	1	1	1	0	0	1	1	0	0	1	0	0	0	1	1	0	0	0	0	0	1
115	8.37326	1	1	0	1	1	1	1	1	1	0	1	1	0	1	0	1	0	0	1	1	1	1	0	1	1	0	1	1	1	1	1	1	1	1	0	1	1	0	1	1	1	1	1	1	1	0	0	0	0	1	0	0	0	0	0	1	1	1	1	0	1	1	0	0	0	1	0	0	0	0	1	1	0	1	0	1	1	1	1	0	0	1	1	0	0	1	0	0	0	1	1	0	0	0	0	0	1
116	2.087719	1	1	0	1	1	1	1	1	1	0	1	1	0	0	0	1	0	0	1	1	1	1	0	1	0	0	1	1	1	1	1	1	1	1	0	1	1	0	0	1	1	0	0	1	0	0	0	0	0	1	0	0	0	0	0	1	1	1	1	0	1	1	0	0	0	1	0	0	0	0	1	1	0	1	0	1	1	1	1	0	0	1	1	0	0	1	0	0	0	1	1	0	0	0	0	0	1
117	.00324	1	1	0	1	1	1	1	1	1	0	1	1	0	0	0	1	0	0	1	1	0	1	0	1	0	0	1	1	1	1	1	1	1	1	0	1	1	0	0	1	0	0	0	1	0	0	0	0	0	1	0	0	0	0	0	1	1	1	1	0	1	1	0	0	0	1	0	0	0	0	1	1	0	1	0	1	1	1	1	0	0	1	1	0	0	1	0	0	0	1	1	0	0	0	0	0	1
118	41.759548	1	1	1	1	1	1	1	1	1	1	1	1	1	1	1	1	1	1	1	1	1	1	1	1	1	1	1	1	1	1	1	1	1	1	1	1	1	1	1	1	1	1	1	1	1	1	1	1	1	1	1	0	1	1	1	1	1	1	1	1	1	1	1	1	1	1	1	1	1	1	1	1	1	1	1	1	1	1	1	1	1	1	1	1	1	1	1	1	1	1	1	1	1	1	1	1	1
119	.197126	1	1	0	1	1	1	1	1	1	1	1	1	1	1	0	1	1	1	1	1	1	1	1	1	1	1	1	1	1	1	1	1	1	1	1	1	1	1	1	1	1	1	1	1	1	1	1	1	0	1	1	0	0	1	1	1	1	1	1	0	1	1	1	1	1	1	1	1	1	1	1	1	1	1	0	1	1	1	1	1	1	1	1	1	1	1	1	1	0	1	1	1	1	1	1	0	1
120	1.692011	1	1	0	1	1	1	1	1	1	1	1	1	1	1	0	1	1	1	1	1	1	1	1	1	1	1	1	1	1	1	1	1	1	1	1	1	1	1	1	1	1	1	1	1	1	1	1	1	0	1	1	0	0	1	1	1	1	1	1	0	1	1	1	1	1	1	1	1	1	1	1	1	1	1	0	1	1	1	1	1	1	1	1	1	0	1	1	1	0	1	1	1	1	1	1	0	1
121	.004432	1	1	0	1	1	1	1	1	1	1	1	1	1	1	0	1	1	0	1	1	1	1	0	1	1	0	1	1	1	1	1	1	1	1	1	1	1	0	1	1	1	1	1	1	1	1	0	0	0	1	0	0	0	1	0	1	1	1	1	0	1	1	1	0	0	1	0	0	0	1	1	1	0	1	0	1	1	1	1	1	0	1	1	0	0	1	0	1	0	1	1	1	0	0	0	0	1
122	.003139	1	1	0	1	1	1	1	1	1	1	1	1	1	1	0	1	1	0	1	1	1	1	0	1	1	0	1	1	1	1	1	1	1	1	1	1	1	0	1	1	1	1	1	1	1	1	0	0	0	1	0	0	0	1	0	1	1	1	1	0	1	1	1	0	0	1	0	0	0	1	1	1	0	1	0	1	1	1	1	0	0	1	1	0	0	1	0	1	0	1	1	1	0	0	0	0	1
123	.004232	1	1	0	1	1	1	1	1	1	1	1	1	1	1	0	1	1	0	1	1	1	1	0	1	1	0	1	1	1	1	1	1	1	1	1	1	1	0	1	1	1	1	1	1	1	0	0	0	0	1	0	0	0	1	0	1	1	1	1	0	1	1	1	0	0	1	0	0	0	1	1	1	0	1	0	1	1	1	1	0	0	1	1	0	0	1	0	0	0	1	1	0	0	0	0	0	1
124	.00718	1	1	0	1	1	1	1	1	1	1	1	1	1	1	0	1	1	0	1	1	1	1	0	1	1	0	1	1	1	1	1	1	1	1	1	1	1	0	1	1	1	1	1	1	1	0	0	0	0	1	0	0	0	0	0	1	1	1	1	0	1	1	1	0	0	1	0	0	0	1	1	1	0	1	0	1	1	1	1	0	0	1	1	0	0	1	0	0	0	1	1	0	0	0	0	0	1
125	.007796	1	1	0	1	1	1	1	1	1	1	1	1	0	1	0	1	1	0	1	1	1	1	0	1	1	0	1	1	1	1	1	1	1	1	1	1	1	0	1	1	1	1	1	1	1	0	0	0	0	1	0	0	0	0	0	1	1	1	1	0	1	1	1	0	0	1	0	0	0	1	1	1	0	1	0	1	1	1	1	0	0	1	1	0	0	1	0	0	0	1	1	0	0	0	0	0	1
126	.113295	1	1	0	1	1	1	1	1	1	1	1	1	0	1	0	1	1	0	1	1	1	1	0	1	1	0	1	1	1	1	1	1	1	1	1	1	1	0	1	1	1	1	1	1	1	0	0	0	0	1	0	0	0	0	0	1	1	1	1	0	1	1	1	0	0	1	0	0	0	0	1	1	0	1	0	1	1	1	1	0	0	1	1	0	0	1	0	0	0	1	1	0	0	0	0	0	1
127	.00815	1	1	0	1	1	1	1	1	1	1	1	1	0	1	0	1	0	0	1	1	1	1	0	1	1	0	1	1	1	1	1	1	1	1	0	1	1	0	1	1	1	1	1	1	1	0	0	0	0	1	0	0	0	0	0	1	1	1	1	0	1	1	1	0	0	1	0	0	0	0	1	1	0	1	0	1	1	1	1	0	0	1	1	0	0	1	0	0	0	1	1	0	0	0	0	0	1
128	.004012	1	1	0	1	1	1	1	1	1	0	1	1	0	1	0	1	0	0	1	1	1	1	0	1	1	0	1	1	1	1	1	1	1	1	0	1	1	0	1	1	1	1	1	1	1	0	0	0	0	1	0	0	0	0	0	1	1	1	1	0	1	1	1	0	0	1	0	0	0	0	1	1	0	1	0	1	1	1	1	0	0	1	1	0	0	1	0	0	0	1	1	0	0	0	0	0	1
129	2.559389	1	1	0	1	1	1	1	1	1	0	1	1	0	1	0	1	0	0	1	1	1	1	0	1	1	0	1	1	1	1	1	1	1	1	0	1	1	0	1	1	1	1	1	1	0	0	0	0	0	1	0	0	0	0	0	1	1	1	1	0	1	1	1	0	0	1	0	0	0	0	1	1	0	1	0	1	1	1	1	0	0	1	1	0	0	1	0	0	0	1	1	0	0	0	0	0	1
130	.002954	1	1	0	1	1	1	1	1	1	0	1	1	0	0	0	1	0	0	1	1	0	1	0	1	0	0	1	1	1	1	1	1	1	1	0	1	1	0	0	1	0	0	0	1	0	0	0	0	0	1	0	0	0	0	0	1	1	1	1	0	1	1	1	0	0	1	0	0	0	0	1	1	0	1	0	1	1	1	1	0	0	1	1	0	0	1	0	0	0	1	1	0	0	0	0	0	1
131	46.366585	1	1	1	1	1	1	1	1	1	1	1	1	1	1	1	1	1	1	1	1	1	1	1	1	1	1	1	1	1	1	1	1	1	1	1	1	1	1	1	1	1	1	1	1	1	1	1	1	1	1	1	1	0	1	1	1	1	1	1	1	1	1	1	1	1	1	1	1	1	1	1	1	1	1	1	1	1	1	1	1	1	1	1	1	1	1	1	1	1	1	1	1	1	1	1	1	1
132	2.224712	1	1	1	1	1	1	1	1	1	1	1	1	1	1	1	1	1	1	1	1	1	1	1	1	1	1	1	1	1	1	1	1	1	1	1	1	1	1	1	1	1	1	1	1	1	1	1	1	1	1	1	1	0	1	1	1	1	1	1	1	1	1	1	1	1	1	1	1	1	1	1	1	1	1	1	1	1	1	1	1	1	1	1	1	1	1	1	1	0	1	1	1	1	1	1	1	1
133	1.333528	1	1	0	1	1	1	1	1	1	1	1	1	1	1	0	1	1	1	1	1	1	1	1	1	1	1	1	1	1	1	1	1	1	1	1	1	1	1	1	1	1	1	1	1	1	1	1	1	0	1	1	1	0	1	1	1	1	1	1	0	1	1	1	1	1	1	1	1	1	1	1	1	1	1	0	1	1	1	1	1	1	1	1	1	0	1	1	1	0	1	1	1	1	1	1	0	1
134	.004979	1	1	0	1	1	1	1	1	1	1	1	1	1	1	0	1	1	0	1	1	1	1	0	1	1	0	1	1	1	1	1	1	1	1	1	1	1	0	1	1	1	1	1	1	1	1	0	0	0	1	0	1	0	1	0	1	1	1	1	0	1	1	1	0	0	1	0	0	0	1	1	1	0	1	0	1	1	1	1	1	0	1	1	0	0	1	0	1	0	1	1	1	0	0	0	0	1
135	.003428	1	1	0	1	1	1	1	1	1	1	1	1	1	1	0	1	1	0	1	1	1	1	0	1	1	0	1	1	1	1	1	1	1	1	1	1	1	0	1	1	1	1	1	1	1	1	0	0	0	1	0	1	0	1	0	1	1	1	1	0	1	1	1	0	0	1	0	0	0	1	1	1	0	1	0	1	1	1	1	0	0	1	1	0	0	1	0	1	0	1	1	1	0	0	0	0	1
136	.003711	1	1	0	1	1	1	1	1	1	1	1	1	1	1	0	1	1	0	1	1	1	1	0	1	1	0	1	1	1	1	1	1	1	1	1	1	1	0	1	1	1	1	1	1	1	0	0	0	0	1	0	1	0	1	0	1	1	1	1	0	1	1	1	0	0	1	0	0	0	1	1	1	0	1	0	1	1	1	1	0	0	1	1	0	0	1	0	0	0	1	1	0	0	0	0	0	1
137	.006368	1	1	0	1	1	1	1	1	1	1	1	1	1	1	0	1	1	0	1	1	1	1	0	1	1	0	1	1	1	1	1	1	1	1	1	1	1	0	1	1	1	1	1	1	1	0	0	0	0	1	0	1	0	0	0	1	1	1	1	0	1	1	1	0	0	1	0	0	0	1	1	1	0	1	0	1	1	1	1	0	0	1	1	0	0	1	0	0	0	1	1	0	0	0	0	0	1
138	.006959	1	1	0	1	1	1	1	1	1	1	1	1	0	1	0	1	1	0	1	1	1	1	0	1	1	0	1	1	1	1	1	1	1	1	1	1	1	0	1	1	1	1	1	1	1	0	0	0	0	1	0	1	0	0	0	1	1	1	1	0	1	1	1	0	0	1	0	0	0	1	1	1	0	1	0	1	1	1	1	0	0	1	1	0	0	1	0	0	0	1	1	0	0	0	0	0	1
139	.104146	1	1	0	1	1	1	1	1	1	1	1	1	0	1	0	1	1	0	1	1	1	1	0	1	1	0	1	1	1	1	1	1	1	1	1	1	1	0	1	1	1	1	1	1	1	0	0	0	0	1	0	1	0	0	0	1	1	1	1	0	1	1	1	0	0	1	0	0	0	0	1	1	0	1	0	1	1	1	1	0	0	1	1	0	0	1	0	0	0	1	1	0	0	0	0	0	1
140	.008243	1	1	0	1	1	1	1	1	1	1	1	1	0	1	0	1	0	0	1	1	1	1	0	1	1	0	1	1	1	1	1	1	1	1	0	1	1	0	1	1	1	1	1	1	1	0	0	0	0	1	0	1	0	0	0	1	1	1	1	0	1	1	1	0	0	1	0	0	0	0	1	1	0	1	0	1	1	1	1	0	0	1	1	0	0	1	0	0	0	1	1	0	0	0	0	0	1
141	.003582	1	1	0	1	1	1	1	1	1	0	1	1	0	1	0	1	0	0	1	1	1	1	0	1	1	0	1	1	1	1	1	1	1	1	0	1	1	0	1	1	1	1	1	1	1	0	0	0	0	1	0	1	0	0	0	1	1	1	1	0	1	1	1	0	0	1	0	0	0	0	1	1	0	1	0	1	1	1	1	0	0	1	1	0	0	1	0	0	0	1	1	0	0	0	0	0	1
142	4.220031	1	1	0	1	1	1	1	1	1	0	1	1	0	1	0	1	0	0	1	1	1	1	0	1	1	0	1	1	1	1	1	1	1	1	0	1	1	0	1	1	1	1	0	1	0	0	0	0	0	1	0	1	0	0	0	1	1	1	1	0	1	1	1	0	0	1	0	0	0	0	1	1	0	1	0	1	1	1	1	0	0	1	1	0	0	1	0	0	0	1	1	0	0	0	0	0	1
143	.769314	1	1	0	1	1	1	1	1	1	0	1	1	0	0	0	1	0	0	1	1	0	1	0	1	0	0	1	1	1	1	1	1	1	1	0	1	1	0	0	1	0	0	0	1	0	0	0	0	0	1	0	1	0	0	0	1	1	1	1	0	1	1	1	0	0	1	0	0	0	0	1	1	0	1	0	1	1	1	1	0	0	1	1	0	0	1	0	0	0	1	1	0	0	0	0	0	1
144	32.776123	1	1	1	1	1	1	1	1	1	1	1	1	1	1	1	1	1	1	1	1	1	1	1	1	1	1	1	1	1	1	1	1	1	1	1	1	1	1	1	1	1	1	1	1	1	1	1	1	1	1	1	1	1	1	1	1	1	1	1	1	1	1	1	1	1	1	1	1	1	1	1	1	1	1	1	1	1	1	1	1	1	1	1	1	1	1	1	1	0	1	1	1	1	1	1	1	1
145	2.356354	1	1	0	1	1	1	1	1	1	1	1	1	1	1	0	1	1	1	1	1	1	1	1	1	1	1	1	1	1	1	1	1	1	1	1	1	1	1	1	1	1	1	1	1	1	1	1	1	1	1	1	1	1	1	1	1	1	1	1	0	1	1	1	1	1	1	1	1	1	1	1	1	1	1	1	1	1	1	1	1	1	1	1	1	1	1	1	1	0	1	1	1	1	1	1	0	1
146	.007695	1	1	0	1	1	1	1	1	1	1	1	1	1	1	0	1	1	1	1	1	1	1	1	1	1	1	1	1	1	1	1	1	1	1	1	1	1	1	1	1	1	1	1	1	1	1	1	1	0	1	1	1	1	1	1	1	1	1	1	0	1	1	1	1	1	1	1	1	1	1	1	1	1	1	0	1	1	1	1	1	1	1	1	1	1	1	1	1	0	1	1	1	1	1	1	0	1
147	.007222	1	1	0	1	1	1	1	1	1	1	1	1	1	1	0	1	1	1	1	1	1	1	1	1	1	1	1	1	1	1	1	1	1	1	1	1	1	1	1	1	1	1	1	1	1	1	1	1	0	1	1	1	1	1	1	1	1	1	1	0	1	1	1	1	1	1	1	1	1	1	1	1	1	1	0	1	1	1	1	1	1	1	1	1	0	1	1	1	0	1	1	1	1	1	1	0	1
148	1.649475	1	1	0	1	1	1	1	1	1	1	1	1	1	1	0	1	1	1	1	1	1	1	0	1	1	0	1	1	1	1	1	1	1	1	1	1	1	1	1	1	1	1	1	1	1	1	1	0	0	1	0	1	1	1	0	1	1	1	1	0	1	1	1	1	1	1	0	0	1	1	1	1	1	1	0	1	1	1	1	1	0	1	1	1	0	1	1	1	0	1	1	1	0	1	0	0	1
149	2.846007	1	1	0	1	1	1	1	1	1	1	1	1	1	1	0	1	1	0	1	1	1	1	0	1	1	0	1	1	1	1	1	1	1	1	1	1	1	0	1	1	1	1	1	1	1	1	0	0	0	1	0	1	1	1	0	1	1	1	1	0	1	1	1	0	0	1	0	0	0	1	1	1	0	1	0	1	1	1	1	1	0	1	1	0	0	1	0	1	0	1	1	1	0	1	0	0	1
150	.763341	1	1	0	1	1	1	1	1	1	1	1	1	1	1	0	1	1	0	1	1	1	1	0	1	1	0	1	1	1	1	1	1	1	1	1	1	1	0	1	1	1	1	1	1	1	1	0	0	0	1	0	1	1	1	0	1	1	1	1	0	1	1	1	0	0	1	0	0	0	1	1	1	0	1	0	1	1	1	1	1	0	1	1	0	0	1	0	1	0	1	1	1	0	0	0	0	1
151	.005023	1	1	0	1	1	1	1	1	1	1	1	1	1	1	0	1	1	0	1	1	1	1	0	1	1	0	1	1	1	1	1	1	1	1	1	1	1	0	1	1	1	1	1	1	1	1	0	0	0	1	0	1	1	1	0	1	1	1	1	0	1	1	1	0	0	1	0	0	0	1	1	1	0	1	0	1	1	1	1	0	0	1	1	0	0	1	0	1	0	1	1	1	0	0	0	0	1
152	.006879	1	1	0	1	1	1	1	1	1	1	1	1	1	1	0	1	1	0	1	1	1	1	0	1	1	0	1	1	1	1	1	1	1	1	1	1	1	0	1	1	1	1	1	1	1	0	0	0	0	1	0	1	1	1	0	1	1	1	1	0	1	1	1	0	0	1	0	0	0	1	1	1	0	1	0	1	1	1	1	0	0	1	1	0	0	1	0	0	0	1	1	0	0	0	0	0	1
153	.009142	1	1	0	1	1	1	1	1	1	1	1	1	1	1	0	1	1	0	1	1	1	1	0	1	1	0	1	1	1	1	1	1	1	1	1	1	1	0	1	1	1	1	1	1	1	0	0	0	0	1	0	1	1	0	0	1	1	1	1	0	1	1	1	0	0	1	0	0	0	1	1	1	0	1	0	1	1	1	1	0	0	1	1	0	0	1	0	0	0	1	1	0	0	0	0	0	1
154	2.658658	1	1	0	1	1	1	1	1	1	1	1	1	0	1	0	1	1	0	1	1	1	1	0	1	1	0	1	1	1	1	1	1	1	1	1	1	1	0	1	1	1	1	1	1	1	0	0	0	0	1	0	1	1	0	0	1	1	1	1	0	1	1	1	0	0	1	0	0	0	1	1	1	0	1	0	1	1	1	1	0	0	1	1	0	0	1	0	0	0	1	1	0	0	0	0	0	1
155	.103361	1	1	0	1	1	1	1	1	1	1	1	1	0	1	0	1	1	0	1	1	1	1	0	1	1	0	1	1	1	1	1	1	1	1	1	1	1	0	1	1	1	1	1	1	1	0	0	0	0	1	0	1	1	0	0	1	1	1	1	0	1	1	1	0	0	1	0	0	0	0	1	1	0	1	0	1	1	1	1	0	0	1	1	0	0	1	0	0	0	1	1	0	0	0	0	0	1
156	.009187	1	1	0	1	1	1	1	1	1	1	1	1	0	1	0	1	0	0	1	1	1	1	0	1	1	0	1	1	1	1	1	1	1	1	0	1	1	0	1	1	1	1	1	1	1	0	0	0	0	1	0	1	1	0	0	1	1	1	1	0	1	1	1	0	0	1	0	0	0	0	1	1	0	1	0	1	1	1	1	0	0	1	1	0	0	1	0	0	0	1	1	0	0	0	0	0	1
157	.003953	1	1	0	1	1	1	1	1	1	0	1	1	0	1	0	1	0	0	1	1	1	1	0	1	1	0	1	1	1	1	1	1	1	1	0	1	1	0	1	1	1	1	1	1	1	0	0	0	0	1	0	1	1	0	0	1	1	1	1	0	1	1	1	0	0	1	0	0	0	0	1	1	0	1	0	1	1	1	1	0	0	1	1	0	0	1	0	0	0	1	1	0	0	0	0	0	1
158	5.339812	1	1	0	1	1	1	1	1	1	0	1	1	0	1	0	1	0	0	1	1	1	1	0	1	1	0	1	1	1	1	1	1	1	1	0	1	1	0	1	1	1	1	1	1	0	0	0	0	0	1	0	1	1	0	0	1	1	1	1	0	1	1	1	0	0	1	0	0	0	0	1	1	0	1	0	1	1	1	1	0	0	1	1	0	0	1	0	0	0	1	1	0	0	0	0	0	1
159	1.047137	1	1	0	1	1	1	1	1	1	0	1	1	0	0	0	1	0	0	1	1	0	1	0	1	0	0	1	1	1	1	1	1	1	1	0	1	1	0	0	1	0	0	0	1	0	0	0	0	0	1	0	1	1	0	0	1	1	1	1	0	1	1	1	0	0	1	0	0	0	0	1	1	0	1	0	1	1	1	0	0	0	1	1	0	0	1	0	0	0	1	1	0	0	0	0	0	1
160	40.597614	1	1	1	1	1	1	1	1	1	1	1	1	1	1	1	1	1	1	1	1	1	1	1	1	1	1	1	1	1	1	1	1	1	1	1	1	1	1	1	1	1	1	1	1	1	1	1	1	1	1	1	1	1	1	1	1	1	1	1	1	1	1	1	1	1	1	1	1	1	1	1	1	1	1	1	1	1	1	1	1	1	1	1	1	1	1	1	1	1	1	1	1	1	1	1	0	1
161	1.459878	1	1	0	1	1	1	1	1	1	1	1	1	1	1	1	1	1	1	1	1	1	1	1	1	1	1	1	1	1	1	1	1	1	1	1	1	1	1	1	1	1	1	1	1	1	1	1	1	1	1	1	1	1	1	1	1	1	1	1	1	1	1	1	1	1	1	1	1	1	1	1	1	1	1	1	1	1	1	1	1	1	1	1	1	1	1	1	1	1	1	1	1	1	1	1	0	1
162	.00256	1	1	0	1	1	1	1	1	1	1	1	1	1	1	0	1	1	0	1	1	1	1	0	1	1	0	1	1	1	1	1	1	1	1	1	1	1	0	1	1	1	1	1	1	1	0	0	0	0	1	0	1	1	0	0	1	1	1	1	0	1	1	1	0	0	1	0	0	0	1	1	1	0	1	0	1	1	1	1	0	0	1	1	0	0	1	0	0	1	1	1	0	0	0	0	0	1
163	.004129	1	1	0	1	1	1	1	1	1	1	1	1	0	1	0	1	1	0	1	1	1	1	0	1	1	0	1	1	1	1	1	1	1	1	1	1	1	0	1	1	1	1	1	1	1	0	0	0	0	1	0	1	1	0	0	1	1	1	1	0	1	1	1	0	0	1	0	0	0	0	1	1	0	1	0	1	1	1	1	0	0	1	1	0	0	1	0	0	1	1	1	0	0	0	0	0	1
164	21.680704	1	1	0	1	1	1	1	1	1	1	1	1	1	1	1	1	1	1	1	1	1	1	1	1	1	1	1	1	1	1	1	1	1	1	1	1	1	1	1	1	1	1	1	1	1	1	1	1	1	1	1	1	1	1	1	1	1	1	1	1	1	1	1	1	1	1	1	1	1	1	1	1	1	1	1	1	1	1	1	1	1	1	1	1	1	1	1	1	1	1	1	1	1	1	1	1	1
165	5.803992	1	1	0	1	1	1	1	1	1	1	1	1	1	1	0	1	1	1	1	1	1	1	1	1	1	1	1	1	1	1	1	1	1	1	1	1	1	1	1	1	1	1	1	1	1	1	1	1	1	1	1	1	1	1	1	1	1	1	1	0	1	1	1	1	1	1	1	1	1	1	1	1	1	1	1	1	1	1	1	1	1	1	1	1	1	1	1	1	1	1	1	1	1	1	1	1	1
166	1.130712	1	1	0	1	1	1	1	1	1	1	1	1	1	1	0	1	1	1	1	1	1	1	1	1	1	1	1	1	1	1	1	1	1	1	1	1	1	1	1	1	1	1	1	1	1	1	1	1	0	1	1	1	1	1	1	1	1	1	1	0	1	1	1	1	1	1	1	1	1	1	1	1	1	1	0	1	1	1	1	1	1	1	1	1	0	1	1	1	1	1	1	1	1	1	1	1	1
167	2.087395	1	1	0	1	1	1	1	1	1	1	1	1	1	1	0	1	1	1	1	1	1	1	0	1	1	0	1	1	1	1	1	1	1	1	1	1	1	1	1	1	1	1	1	1	1	1	1	0	0	1	0	1	1	1	0	1	1	1	1	0	1	1	1	1	1	1	0	0	1	1	1	1	1	1	0	1	1	1	1	1	0	1	1	1	0	1	1	1	1	1	1	1	0	1	0	1	1
168	.006342	1	1	0	1	1	1	1	1	1	1	1	1	1	1	0	1	1	0	1	1	1	1	0	1	1	0	1	1	1	1	1	1	1	1	1	1	1	0	1	1	1	1	1	1	1	1	0	0	0	1	0	1	1	1	0	1	1	1	1	0	1	1	1	0	0	1	0	0	0	1	1	1	0	1	0	1	1	1	1	1	0	1	1	0	0	1	0	1	1	1	1	1	0	1	0	1	1
169	.009136	1	1	0	1	1	1	1	1	1	1	1	1	1	1	0	1	1	0	1	1	1	1	0	1	1	0	1	1	1	1	1	1	1	1	1	1	1	0	1	1	1	1	1	1	1	1	0	0	0	1	0	1	1	1	0	1	1	1	1	0	1	1	1	0	0	1	0	0	0	1	1	1	0	1	0	1	1	1	1	1	0	1	1	0	0	1	0	1	1	1	1	1	0	0	0	1	1
170	.008649	1	1	0	1	1	1	1	1	1	1	1	1	1	1	0	1	1	0	1	1	1	1	0	1	1	0	1	1	1	1	1	1	1	1	1	1	1	0	1	1	1	1	1	1	1	1	0	0	0	1	0	1	1	1	0	1	1	1	1	0	1	1	1	0	0	1	0	0	0	1	1	1	0	1	0	1	1	1	1	0	0	1	1	0	0	1	0	1	1	1	1	1	0	0	0	1	1
171	.003245	1	1	0	1	1	1	1	1	1	1	1	1	1	1	0	1	1	0	1	1	1	1	0	1	1	0	1	1	1	1	1	1	1	1	1	1	1	0	1	1	1	1	1	1	1	1	0	0	0	1	0	1	1	1	0	1	1	1	1	0	1	1	1	0	0	1	0	0	0	1	1	1	0	1	0	1	1	1	1	0	0	1	1	0	0	1	0	1	1	1	1	0	0	0	0	1	1
172	.012605	1	1	0	1	1	1	1	1	1	1	1	1	1	1	0	1	1	0	1	1	1	1	0	1	1	0	1	1	1	1	1	1	1	1	1	1	1	0	1	1	1	1	1	1	1	0	0	0	0	1	0	1	1	1	0	1	1	1	1	0	1	1	1	0	0	1	0	0	0	1	1	1	0	1	0	1	1	1	1	0	0	1	1	0	0	1	0	0	1	1	1	0	0	0	0	1	1
173	6.291453	1	1	0	1	1	1	1	1	1	1	1	1	1	1	0	1	1	0	1	1	1	1	0	1	1	0	1	1	1	1	1	1	1	1	1	1	1	0	1	1	1	1	1	1	1	0	0	0	0	1	0	1	1	0	0	1	1	1	1	0	1	1	1	0	0	1	0	0	0	1	1	1	0	1	0	1	1	1	1	0	0	1	1	0	0	1	0	0	1	1	1	0	0	0	0	1	1
174	.011815	1	1	0	1	1	1	1	1	1	1	1	1	0	1	0	1	1	0	1	1	1	1	0	1	1	0	1	1	1	1	1	1	1	1	1	1	1	0	1	1	1	1	1	1	1	0	0	0	0	1	0	1	1	0	0	1	1	1	1	0	1	1	1	0	0	1	0	0	0	1	1	1	0	1	0	1	1	1	1	0	0	1	1	0	0	1	0	0	1	1	1	0	0	0	0	1	1
175	.014283	1	1	0	1	1	1	1	1	1	1	1	1	0	1	0	1	1	0	1	1	1	1	0	1	1	0	1	1	1	1	1	1	1	1	1	1	1	0	1	1	1	1	1	1	1	0	0	0	0	1	0	1	1	0	0	1	1	1	1	0	1	1	1	0	0	1	0	0	0	0	1	1	0	1	0	1	1	1	1	0	0	1	1	0	0	1	0	0	1	1	1	0	0	0	0	1	1
176	.004526	1	1	0	1	1	1	1	1	1	1	1	1	0	1	0	1	1	0	1	1	1	1	0	1	1	0	1	1	1	1	1	1	1	1	0	1	1	0	1	1	1	1	1	1	1	0	0	0	0	1	0	1	1	0	0	1	1	1	1	0	1	1	1	0	0	1	0	0	0	0	1	1	0	1	0	1	1	1	1	0	0	1	1	0	0	1	0	0	1	1	1	0	0	0	0	1	1
177	.011701	1	1	0	1	1	1	1	1	1	1	1	1	0	1	0	1	0	0	1	1	1	1	0	1	1	0	1	1	1	1	1	1	1	1	0	1	1	0	1	1	1	1	1	1	1	0	0	0	0	1	0	1	1	0	0	1	1	1	1	0	1	1	1	0	0	1	0	0	0	0	1	1	0	1	0	1	1	1	1	0	0	1	1	0	0	1	0	0	1	1	1	0	0	0	0	1	1
178	2.681728	1	1	0	1	1	1	1	1	1	0	1	1	0	1	0	1	0	0	1	1	1	1	0	1	1	0	1	1	1	1	1	1	1	1	0	1	1	0	1	1	1	1	1	1	1	0	0	0	0	1	0	1	1	0	0	1	1	1	1	0	1	1	1	0	0	1	0	0	0	0	1	1	0	1	0	1	1	1	1	0	0	1	1	0	0	1	0	0	1	1	1	0	0	0	0	1	1
179	6.451245	1	1	0	1	1	1	1	1	1	0	1	1	0	1	0	1	0	0	1	1	1	1	0	1	1	0	1	1	1	1	1	1	1	1	0	1	1	0	0	1	1	1	0	1	0	0	0	0	0	1	0	1	1	0	0	1	1	1	1	0	1	1	1	0	0	1	0	0	0	0	1	1	0	1	0	1	1	1	1	0	0	1	1	0	0	1	0	0	1	1	1	0	0	0	0	1	1
180	.246422	1	1	0	1	1	1	1	1	1	0	1	1	0	0	0	1	0	0	1	1	0	1	0	1	0	0	1	1	1	1	1	1	1	1	0	1	1	0	0	1	0	0	0	1	0	0	0	0	0	1	0	1	1	0	0	1	1	1	1	0	1	1	1	0	0	1	0	0	0	0	1	1	0	1	0	1	1	1	1	0	0	1	1	0	0	1	0	0	1	1	1	0	0	0	0	1	1
181	22.845043	1	1	1	1	1	1	1	1	1	1	1	1	1	1	1	1	1	1	1	1	1	1	1	1	1	1	1	1	1	1	1	1	1	1	1	1	1	1	1	1	1	1	1	1	1	1	1	1	1	1	1	1	1	1	1	1	1	1	1	0	1	1	1	1	1	1	1	1	1	1	1	1	1	1	1	1	1	1	1	1	1	1	1	1	1	1	1	1	1	1	1	1	1	1	1	1	1
182	1.720699	1	1	1	1	1	1	1	1	1	1	1	1	1	1	0	1	1	1	1	1	1	1	1	1	1	0	1	1	1	1	1	1	1	1	1	1	1	1	1	1	1	1	1	1	1	1	1	1	0	1	1	1	1	1	1	1	1	1	1	0	1	1	1	1	1	1	1	1	1	1	1	1	1	1	0	1	1	1	1	1	1	1	1	1	0	1	1	1	1	1	1	1	1	1	1	1	1
183	.00266	1	1	1	1	1	1	1	1	1	1	1	1	1	1	0	1	1	0	1	1	1	1	0	1	1	0	1	1	1	1	1	1	1	1	1	1	1	0	1	1	1	1	1	1	1	0	0	0	0	1	0	1	1	1	0	1	1	1	1	0	1	1	1	0	0	1	0	0	0	1	1	1	0	1	0	1	1	1	1	0	0	1	1	0	0	1	0	0	1	1	1	0	0	0	0	1	1
184	23.856327	1	1	1	1	1	1	1	1	1	1	1	1	1	1	0	1	1	1	1	1	1	1	1	1	1	1	1	1	1	1	1	1	1	1	1	1	1	1	1	1	1	1	1	1	1	1	1	1	1	1	1	1	1	1	1	1	1	1	1	1	1	1	1	1	1	1	1	1	1	1	1	1	1	1	1	1	1	1	1	1	1	1	1	1	1	1	1	1	1	1	1	1	1	1	1	1	1
185	4.666027	1	1	1	1	1	1	1	1	1	1	1	1	1	1	0	1	1	1	1	1	1	1	1	1	1	1	1	1	1	1	1	1	1	1	1	1	1	1	1	1	1	1	1	1	1	1	1	1	0	1	1	1	1	1	1	1	1	1	1	1	1	1	1	1	1	1	1	1	1	1	1	1	1	1	0	1	1	1	1	1	1	1	1	1	0	1	1	1	1	1	1	1	1	1	1	1	1
186	.125291	1	1	1	1	1	1	1	1	1	1	1	1	1	1	0	1	1	1	1	1	1	1	0	1	1	0	1	1	1	1	1	1	1	1	1	1	1	1	1	1	1	1	1	1	1	1	1	0	0	1	0	1	1	1	0	1	1	1	1	1	1	1	1	1	1	1	0	0	1	1	1	1	1	1	0	1	1	1	1	1	0	1	1	1	0	1	1	1	1	1	1	1	0	1	0	1	1
187	2.100255	1	1	1	1	1	1	1	1	1	1	1	1	1	1	0	1	1	0	1	1	1	1	0	1	1	0	1	1	1	1	1	1	1	1	1	1	1	0	1	1	1	1	1	1	1	1	0	0	0	1	0	1	1	1	0	1	1	1	1	1	1	1	1	1	0	1	0	0	0	1	1	1	0	1	0	1	1	1	1	1	0	1	1	1	0	1	0	1	1	1	1	1	0	1	0	1	1
188	.004298	1	1	1	1	1	1	1	1	1	1	1	1	1	1	0	1	1	0	1	1	1	1	0	1	1	0	1	1	1	1	1	1	1	1	1	1	1	0	1	1	1	1	1	1	1	1	0	0	0	1	0	1	1	1	0	1	1	1	1	1	1	1	1	0	0	1	0	0	0	1	1	1	0	1	0	1	1	1	1	1	0	1	1	0	0	1	0	1	1	1	1	1	0	1	0	1	1
189	.005642	1	1	1	1	1	1	1	1	1	1	1	1	1	1	0	1	1	0	1	1	1	1	0	1	1	0	1	1	1	1	1	1	1	1	1	1	1	0	1	1	1	1	1	1	1	1	0	0	0	1	0	1	1	1	0	1	1	1	1	1	1	1	1	0	0	1	0	0	0	1	1	1	0	1	0	1	1	1	1	1	0	1	1	0	0	1	0	1	1	1	1	1	0	0	0	1	1
190	.005539	1	1	1	1	1	1	1	1	1	1	1	1	1	1	0	1	1	0	1	1	1	1	0	1	1	0	1	1	1	1	1	1	1	1	1	1	1	0	1	1	1	1	1	1	1	1	0	0	0	1	0	1	1	1	0	1	1	1	1	1	1	1	1	0	0	1	0	0	0	1	1	1	0	1	0	1	1	1	1	0	0	1	1	0	0	1	0	1	1	1	1	1	0	0	0	1	1
191	.008014	1	1	1	1	1	1	1	1	1	1	1	1	1	1	0	1	1	0	1	1	1	1	0	1	1	0	1	1	1	1	1	1	1	1	1	1	1	0	1	1	1	1	1	1	1	0	0	0	0	1	0	1	1	1	0	1	1	1	1	1	1	1	1	0	0	1	0	0	0	1	1	1	0	1	0	1	1	1	1	0	0	1	1	0	0	1	0	0	1	1	1	0	0	0	0	1	1
192	.007029	1	1	1	1	1	1	1	1	1	1	1	1	1	1	0	1	1	0	1	1	1	1	0	1	1	0	1	1	1	1	1	1	1	1	1	1	1	0	1	1	1	1	1	1	1	0	0	0	0	1	0	1	1	0	0	1	1	1	1	1	1	1	1	0	0	1	0	0	0	1	1	1	0	1	0	1	1	1	1	0	0	1	1	0	0	1	0	0	1	1	1	0	0	0	0	1	1
193	.003257	1	1	1	1	1	1	1	1	1	1	1	1	0	1	0	1	1	0	1	1	1	1	0	1	1	0	1	1	1	1	1	1	1	1	1	1	1	0	1	1	1	1	1	1	1	0	0	0	0	1	0	1	1	0	0	1	1	1	1	1	1	1	1	0	0	1	0	0	0	1	1	1	0	1	0	1	1	1	1	0	0	1	1	0	0	1	0	0	1	1	1	0	0	0	0	1	1
194	.004303	1	1	1	1	1	1	1	1	1	1	1	1	0	1	0	1	1	0	1	1	1	1	0	1	1	0	1	1	1	1	1	1	1	1	1	1	1	0	1	1	1	1	1	1	1	0	0	0	0	1	0	1	1	0	0	1	1	1	1	1	1	1	1	0	0	1	0	0	0	0	1	1	0	1	0	1	1	1	1	0	0	1	1	0	0	1	0	0	1	1	1	0	0	0	0	1	1
195	24.46611	1	1	1	1	1	1	1	1	1	1	1	1	1	1	1	1	1	1	1	1	1	1	1	1	1	1	1	1	1	1	1	1	1	1	1	1	1	1	1	1	1	1	1	1	1	1	1	1	1	1	1	1	1	1	1	1	1	1	1	1	1	1	1	1	1	1	1	1	1	1	1	1	1	1	0	1	1	1	1	1	1	1	1	1	1	1	1	1	1	1	1	1	1	1	1	1	1
196	7.986103	1	1	1	1	1	1	1	1	1	1	1	1	1	1	1	1	1	1	1	1	1	1	1	1	1	1	1	1	1	1	1	1	1	1	1	1	1	1	1	1	1	1	1	1	1	1	1	1	0	1	1	1	1	1	1	1	1	1	1	1	1	1	1	1	1	1	1	1	1	1	1	1	1	1	1	1	1	1	1	1	1	1	1	1	1	1	1	1	1	1	1	1	1	1	1	1	1
197	26.390337	1	1	1	1	1	1	1	1	1	1	1	1	1	1	1	1	1	1	1	1	1	1	1	1	1	1	1	1	1	1	1	1	1	1	1	1	1	1	1	1	1	1	1	1	1	1	1	1	0	1	1	1	1	1	1	1	1	1	1	1	1	1	1	1	1	1	1	1	1	1	1	1	1	1	1	1	1	1	1	1	1	1	1	1	0	1	1	1	1	1	1	1	1	1	1	1	1
198	7.145024	1	1	1	1	1	1	1	1	1	1	1	1	1	1	1	1	1	1	1	1	1	1	1	1	1	1	1	1	1	1	1	1	1	1	1	1	1	1	1	1	1	1	1	1	1	1	1	1	1	1	1	1	1	1	1	1	1	1	1	1	1	1	1	1	1	1	1	1	1	1	1	1	1	1	1	1	1	1	1	1	1	1	1	1	0	1	1	1	1	1	1	1	1	1	1	1	1
199	2.03863	1	1	1	1	1	1	1	1	1	1	1	1	1	1	1	1	1	1	1	1	1	1	1	1	1	0	1	1	1	1	1	1	1	1	1	1	1	1	1	1	1	1	1	1	1	1	1	1	1	1	1	1	1	1	1	1	1	1	1	1	1	1	1	1	1	1	1	1	1	1	1	1	1	1	1	1	1	1	1	1	1	1	1	1	0	1	1	1	1	1	1	1	1	1	1	1	1
200	21.382772	1	1	1	1	1	1	1	1	1	1	1	1	1	1	1	1	1	1	1	1	1	1	1	1	1	0	1	1	1	1	1	1	1	1	1	1	1	1	1	1	1	1	1	1	1	1	1	1	1	1	1	1	1	1	1	1	1	1	1	1	1	1	1	1	1	1	1	1	1	1	1	1	1	1	1	1	1	1	1	1	1	1	1	1	1	1	1	1	1	1	1	1	1	1	1	1	1
201	9.667989	1	1	1	1	1	1	1	1	1	1	1	1	1	1	1	1	1	1	1	1	1	1	0	1	1	0	1	1	1	1	1	1	1	1	1	1	1	1	1	1	1	1	1	1	1	1	1	1	1	1	1	1	1	1	1	1	1	1	1	1	1	1	1	1	1	1	1	1	1	1	1	1	1	1	1	1	1	1	1	1	1	1	1	1	1	1	1	1	1	1	1	1	1	1	1	1	1
202	35.906269	1	1	1	1	1	1	1	1	1	1	1	1	1	1	1	1	1	1	1	1	1	1	0	1	1	1	1	1	1	1	1	1	1	1	1	1	1	1	1	1	1	1	1	1	1	1	1	1	1	1	1	1	1	1	1	1	1	1	1	1	1	1	1	1	1	1	1	1	1	1	1	1	1	1	1	1	1	1	1	1	1	1	1	1	1	1	1	1	1	1	1	1	1	1	1	1	1
203	46.791042	1	1	1	1	1	1	1	1	1	1	1	1	1	1	1	1	1	1	1	1	1	1	1	1	1	1	1	1	1	1	1	1	1	1	1	1	1	1	1	1	1	1	1	1	1	1	1	1	1	1	1	1	1	1	1	1	1	1	1	1	1	1	1	1	1	1	1	1	1	1	1	1	1	1	1	1	1	1	1	1	1	1	1	1	1	1	1	1	1	1	1	1	1	1	0	1	1
204	1.606632	1	1	1	1	1	1	1	1	1	1	1	1	1	1	1	1	1	1	1	1	1	1	1	1	1	1	1	1	1	1	1	1	1	1	1	1	1	1	1	1	1	1	1	1	1	1	1	0	1	1	1	1	1	1	1	1	1	1	1	1	1	1	1	1	1	1	1	1	1	1	1	1	1	1	1	1	1	1	1	1	1	1	1	1	1	1	1	1	1	1	1	1	1	1	0	1	1
205	.485873	1	1	1	1	1	1	1	1	1	1	1	1	1	1	1	1	1	1	1	1	1	1	1	1	1	1	1	1	1	1	1	1	1	1	1	1	1	1	1	1	1	1	1	1	1	1	0	0	1	1	0	1	1	1	0	1	1	1	1	1	1	1	1	1	0	1	0	0	0	1	1	1	1	1	1	1	1	1	1	1	0	1	1	1	1	1	1	1	1	1	1	1	0	1	0	1	1
206	35.968449	1	1	1	1	1	1	1	1	1	1	1	1	1	1	1	1	1	1	1	1	1	1	1	1	1	1	1	1	1	1	1	1	1	1	1	1	1	1	1	1	1	1	1	1	1	1	1	0	1	1	1	1	1	1	1	1	1	1	1	1	1	1	1	1	1	1	1	1	1	1	1	1	1	1	1	1	1	1	1	1	1	1	1	1	1	1	1	1	1	1	1	1	1	1	1	1	1
207	.906581	1	1	1	1	1	1	1	1	1	1	1	1	1	1	1	1	1	1	1	1	1	1	1	1	1	1	1	1	1	1	1	1	1	1	1	1	1	1	1	1	1	1	1	1	1	1	1	0	1	1	0	1	1	1	1	1	1	1	1	1	1	1	1	1	1	1	0	1	1	1	1	1	1	1	1	1	1	1	1	1	1	1	1	1	1	1	1	1	1	1	1	1	1	1	1	1	1
208	4.543901	1	1	1	1	1	1	1	1	1	1	1	1	1	1	1	1	1	1	1	1	1	1	1	1	1	1	1	1	1	1	1	1	1	1	1	1	1	1	1	1	1	1	1	1	1	1	1	0	1	1	0	1	1	1	1	1	1	1	1	1	1	1	1	1	1	1	0	1	1	1	1	1	1	1	1	1	1	1	1	1	0	1	1	1	1	1	1	1	1	1	1	1	0	1	1	1	1
209	1.266097	1	1	1	1	1	1	1	1	1	1	1	1	1	1	1	1	1	1	1	1	1	1	1	1	1	1	1	1	1	1	1	1	1	1	1	1	1	1	1	1	1	1	1	1	1	1	0	0	1	1	0	1	1	1	0	1	1	1	1	1	1	1	1	1	1	1	0	0	1	1	1	1	1	1	1	1	1	1	1	1	0	1	1	1	1	1	1	1	1	1	1	1	0	1	1	1	1
210	.005739	1	1	1	1	1	1	1	1	1	1	1	1	1	1	1	1	1	1	1	1	1	1	1	1	1	1	1	1	1	1	1	1	1	1	1	1	1	0	1	1	1	1	1	1	1	1	0	0	1	1	0	1	1	1	0	1	1	1	1	1	1	1	1	1	0	1	0	0	0	1	1	1	1	1	1	1	1	1	1	1	0	1	1	1	1	1	0	1	1	1	1	1	0	1	1	1	1
211	2.417567	1	1	1	1	1	1	1	1	1	1	1	1	1	1	1	1	1	0	1	1	1	1	1	1	1	1	1	1	1	1	1	1	1	1	1	1	1	0	1	1	1	1	1	1	1	1	0	0	1	1	0	1	1	1	0	1	1	1	1	1	1	1	1	1	0	1	0	0	0	1	1	1	0	1	1	1	1	1	1	1	0	1	1	1	1	1	0	1	1	1	1	1	0	1	1	1	1
212	.005664	1	1	1	1	1	1	1	1	1	1	1	1	1	1	1	1	1	0	1	1	1	1	1	1	1	1	1	1	1	1	1	1	1	1	1	1	1	0	1	1	1	1	1	1	1	1	0	0	1	1	0	1	1	1	0	1	1	1	1	1	1	1	1	0	0	1	0	0	0	1	1	1	0	1	1	1	1	1	1	1	0	1	1	0	1	1	0	1	1	1	1	1	0	1	1	1	1
213	.005006	1	1	1	1	1	1	1	1	1	1	1	1	1	1	1	1	1	0	1	1	1	1	1	1	1	1	1	1	1	1	1	1	1	1	1	1	1	0	1	1	1	1	1	1	1	0	0	0	1	1	0	1	1	1	0	1	1	1	1	1	1	1	1	0	0	1	0	0	0	1	1	1	0	1	1	1	1	1	1	0	0	1	1	0	1	1	0	0	1	1	1	0	0	0	1	1	1
214	34.505047	1	1	1	1	1	1	1	1	1	1	1	1	1	1	1	1	1	1	1	1	1	1	1	1	1	1	1	1	1	1	1	1	1	1	1	1	1	1	1	1	1	1	1	1	1	1	1	1	1	1	0	1	1	1	1	1	1	1	1	1	1	1	1	1	1	1	1	1	1	1	1	1	1	1	1	1	1	1	1	1	1	1	1	1	1	1	1	1	1	1	1	1	1	1	1	1	1
215	3.385245	1	1	1	1	1	1	1	1	1	1	1	1	1	1	1	1	1	1	1	1	1	1	1	1	1	1	1	1	1	1	1	1	1	1	1	1	1	1	1	1	1	1	1	1	1	1	1	1	1	1	0	1	1	1	1	1	1	1	1	1	1	1	1	1	1	1	0	1	1	1	1	1	1	1	1	1	1	1	1	1	1	1	1	1	1	1	1	1	1	1	1	1	1	1	1	1	1
216	34.31707	1	1	1	1	1	1	1	1	1	1	1	1	1	1	1	1	1	1	1	1	1	1	1	1	1	1	1	1	1	1	1	1	1	1	1	1	1	1	1	1	1	1	1	1	1	1	1	1	1	1	1	1	1	1	1	1	1	1	1	1	1	1	1	1	1	1	0	1	1	1	1	1	1	1	1	1	1	1	1	1	1	1	1	1	1	1	1	1	1	1	1	1	1	1	1	1	1
217	3.347871	1	1	1	1	1	1	1	1	1	1	1	1	1	1	1	1	1	1	1	1	1	1	1	1	1	1	1	1	1	1	1	1	1	1	1	1	1	1	1	1	1	1	1	1	1	1	1	1	1	1	1	1	1	1	0	1	1	1	1	1	1	1	1	1	1	1	0	0	1	1	1	1	1	1	1	1	1	1	1	1	0	1	1	1	1	1	1	1	1	1	1	1	0	1	1	1	1
218	.49544	1	1	1	1	1	1	1	1	1	1	1	1	1	1	1	1	1	1	1	1	1	1	1	1	1	1	1	1	1	1	1	1	1	1	1	1	1	1	1	1	1	1	1	1	1	1	0	1	1	1	1	1	1	1	0	1	1	1	1	1	1	1	1	1	0	1	0	0	0	1	1	1	1	1	1	1	1	1	1	1	0	1	1	1	1	1	1	1	1	1	1	1	0	1	1	1	1
219	.008158	1	1	1	1	1	1	1	1	1	1	1	1	1	1	1	1	1	1	1	1	1	1	1	1	1	1	1	1	1	1	1	1	1	1	1	1	1	0	1	1	1	1	1	1	1	1	0	1	1	1	1	1	1	1	0	1	1	1	1	1	1	1	1	1	0	1	0	0	0	1	1	1	1	1	1	1	1	1	1	1	0	1	1	1	1	1	0	1	1	1	1	1	0	1	1	1	1
220	6.957562	1	1	1	1	1	1	1	1	1	1	1	1	1	1	1	1	1	0	1	1	1	1	1	1	1	1	1	1	1	1	1	1	1	1	1	1	1	0	1	1	1	1	1	1	1	1	0	1	1	1	1	1	1	1	0	1	1	1	1	1	1	1	1	1	0	1	0	0	0	1	1	1	1	1	1	1	1	1	1	1	0	1	1	1	1	1	0	1	1	1	1	1	0	1	1	1	1
221	.006967	1	1	1	1	1	1	1	1	1	1	1	1	1	1	1	1	1	0	1	1	1	1	1	1	1	1	1	1	1	1	1	1	1	1	1	1	1	0	1	1	1	1	1	1	1	1	0	1	1	1	1	1	1	1	0	1	1	1	1	1	1	1	1	1	0	1	0	0	0	1	1	1	0	1	1	1	1	1	1	1	0	1	1	1	1	1	0	1	1	1	1	1	0	1	1	1	1
222	3.680374	1	1	1	1	1	1	1	1	1	1	1	1	1	1	1	1	1	0	1	1	1	1	1	1	1	1	1	1	1	1	1	1	1	1	1	1	1	0	1	1	1	1	1	1	1	1	0	1	1	1	1	1	1	1	0	1	1	1	1	1	1	1	1	0	0	1	0	0	0	1	1	1	0	1	1	1	1	1	1	1	0	1	1	0	1	1	0	1	1	1	1	1	0	1	1	1	1
223	.007538	1	1	1	1	1	1	1	1	1	1	1	1	1	1	1	1	1	0	1	1	1	1	1	1	1	1	1	1	1	1	1	1	1	1	1	1	1	0	1	1	1	1	1	1	1	1	0	1	1	1	1	1	1	1	0	1	1	1	1	1	1	1	1	0	0	1	0	0	0	1	1	1	0	1	1	1	1	1	1	1	0	1	1	0	1	1	0	1	1	1	1	1	0	0	1	1	1
224	.006636	1	1	1	1	1	1	1	1	1	1	1	1	1	1	1	1	1	0	1	1	1	1	1	1	1	1	1	1	1	1	1	1	1	1	1	1	1	0	1	1	1	1	1	1	1	1	0	1	1	1	1	1	1	1	0	1	1	1	1	1	1	1	1	0	0	1	0	0	0	1	1	1	0	1	1	1	1	1	1	0	0	1	1	0	1	1	0	1	1	1	1	1	0	0	1	1	1
225	.004709	1	1	1	1	1	1	1	1	1	1	1	1	1	1	1	1	1	0	1	1	1	1	1	1	1	1	1	1	1	1	1	1	1	1	1	1	1	0	1	1	1	1	1	1	1	1	0	1	1	1	1	1	1	1	0	1	1	1	1	1	1	1	1	0	0	1	0	0	0	1	1	1	0	1	1	1	1	1	1	0	0	1	1	0	1	1	0	1	1	1	1	0	0	0	1	1	1
226	1.739811	1	1	1	1	1	1	1	1	1	1	1	1	1	1	1	1	1	0	1	1	1	1	1	1	1	1	1	1	1	1	1	1	1	1	1	1	1	0	1	1	1	1	1	1	1	0	0	1	1	1	1	1	1	1	0	1	1	1	1	1	1	1	1	0	0	1	0	0	0	1	1	1	0	1	1	1	1	1	1	0	0	1	1	0	1	1	0	0	1	1	1	0	0	0	1	1	1
227	.007891	1	1	1	1	1	1	1	1	1	1	1	1	1	1	1	1	1	0	1	1	1	1	1	1	1	1	1	1	1	1	1	1	1	1	1	1	1	0	1	1	1	1	1	1	1	0	0	1	1	1	1	1	1	0	0	1	1	1	1	1	1	1	1	0	0	1	0	0	0	1	1	1	0	1	1	1	1	1	1	0	0	1	1	0	1	1	0	0	1	1	1	0	0	0	1	1	1
228	33.031979	1	1	1	1	1	1	1	1	1	1	1	1	1	1	1	1	1	1	1	1	1	1	1	1	1	1	1	1	1	1	1	1	1	1	1	1	1	1	1	1	1	1	1	1	1	1	1	1	1	1	1	1	1	1	1	1	1	1	1	1	1	1	1	1	1	1	1	1	1	1	1	1	1	1	1	1	1	1	1	1	0	1	1	1	1	1	1	1	1	1	1	1	1	1	1	1	1
229	.249214	1	1	1	1	1	1	1	1	1	1	1	1	1	1	1	1	1	1	1	1	1	1	1	1	1	1	1	1	1	1	1	1	1	1	1	1	1	1	1	1	1	1	1	1	1	1	1	1	1	1	1	1	1	1	1	1	1	1	1	1	1	1	1	1	1	1	1	1	1	1	1	1	1	1	1	1	1	1	1	1	0	1	1	1	1	1	1	1	1	1	1	1	0	1	1	1	1
230	30.106918	1	1	1	1	1	1	1	1	1	1	1	1	1	1	1	1	1	1	1	1	1	1	1	1	1	1	1	1	1	1	1	1	1	1	1	1	1	1	1	1	1	1	1	1	1	1	1	1	1	1	1	1	1	1	1	1	1	1	1	1	1	1	1	1	1	1	1	1	1	1	1	1	1	1	1	1	1	1	1	1	1	1	1	1	1	1	1	1	1	1	1	1	0	1	1	1	1
231	1.264141	1	1	1	1	1	1	1	1	1	1	1	1	1	1	1	1	1	1	1	1	1	1	1	1	1	1	1	1	1	1	1	1	1	1	1	1	1	1	1	1	1	1	1	1	1	1	1	1	1	1	1	1	1	1	1	1	1	1	1	1	1	1	1	1	1	1	1	0	1	1	1	1	1	1	1	1	1	1	1	1	1	1	1	1	1	1	1	1	1	1	1	1	0	1	1	1	1
232	1.384614	1	1	1	1	1	1	1	1	1	1	1	1	1	1	1	1	1	1	1	1	1	1	1	1	1	1	1	1	1	1	1	1	1	1	1	1	1	1	1	1	1	1	1	1	1	1	1	1	1	1	1	1	1	1	0	1	1	1	1	1	1	1	1	1	1	1	1	0	1	1	1	1	1	1	1	1	1	1	1	1	1	1	1	1	1	1	1	1	1	1	1	1	0	1	1	1	1
233	22.787731	1	1	1	1	1	1	1	1	1	1	1	1	1	1	1	1	1	1	1	1	1	1	1	1	1	1	1	1	1	1	1	1	1	1	1	1	1	1	1	1	1	1	1	1	1	1	1	1	1	1	1	1	1	1	1	1	1	1	1	1	1	1	1	1	1	1	1	0	1	1	1	1	1	1	1	1	1	1	1	1	1	1	1	1	1	1	1	1	1	1	1	1	1	1	1	1	1
234	6.759043	1	1	1	1	1	1	1	1	1	1	1	1	1	1	1	1	1	1	1	1	1	1	1	1	1	1	1	1	1	1	1	1	1	1	1	1	1	1	1	1	1	1	1	1	1	1	1	1	1	1	1	1	1	1	0	1	1	1	1	1	1	1	1	1	1	1	1	0	1	1	1	1	1	1	1	1	1	1	1	1	1	1	1	1	1	1	1	1	1	1	1	1	1	1	1	1	1
235	2.649351	1	1	1	1	1	1	1	1	1	1	1	1	1	1	1	1	1	1	1	1	1	1	1	1	1	1	1	1	1	1	1	1	1	1	1	1	1	1	1	1	1	1	1	1	1	1	0	1	1	1	1	1	1	1	0	1	1	1	1	1	1	1	1	1	0	1	1	0	0	1	1	1	1	1	1	1	1	1	1	1	1	1	1	1	1	1	1	1	1	1	1	1	1	1	1	1	1
236	18.06109	1	1	1	1	1	1	1	1	1	1	1	1	1	1	1	1	1	1	1	1	1	1	1	1	1	1	1	1	1	1	1	1	1	1	1	1	1	1	1	1	1	1	1	1	1	1	1	1	1	1	1	1	1	1	0	1	1	1	1	1	1	1	1	1	1	1	1	1	1	1	1	1	1	1	1	1	1	1	1	1	1	1	1	1	1	1	1	1	1	1	1	1	1	1	1	1	1
237	4.656201	1	1	1	1	1	1	1	1	1	1	1	1	1	1	1	1	1	1	1	1	1	1	1	1	1	1	1	1	1	1	1	1	1	1	1	1	1	1	1	1	1	1	1	1	1	1	0	1	1	1	1	1	1	1	0	1	1	1	1	1	1	1	1	1	1	1	1	1	1	1	1	1	1	1	1	1	1	1	1	1	1	1	1	1	1	1	1	1	1	1	1	1	1	1	1	1	1
238	1.32397	1	1	1	1	1	1	1	1	1	1	1	1	1	1	1	1	1	1	1	1	1	1	1	1	1	1	1	1	1	1	1	1	1	1	1	1	1	1	1	1	1	1	1	1	1	1	0	1	1	1	1	1	1	1	0	1	1	1	1	1	1	1	1	1	0	1	1	1	0	1	1	1	1	1	1	1	1	1	1	1	1	1	1	1	1	1	1	1	1	1	1	1	1	1	1	1	1
239	53.874203	1	1	1	1	1	1	1	1	1	1	1	1	1	1	1	1	1	1	1	1	1	1	1	1	1	1	1	1	1	1	1	1	1	1	1	1	1	1	1	1	1	1	1	1	1	1	0	1	1	1	1	1	1	1	1	1	1	1	1	1	1	1	1	1	1	1	1	1	1	1	1	1	1	1	1	1	1	1	1	1	1	1	1	1	1	1	1	1	1	1	1	1	1	1	1	1	1
240	52.948578	1	1	1	1	1	1	1	1	1	1	1	1	1	1	1	1	1	1	1	1	1	1	1	1	1	1	1	1	1	1	1	1	1	1	1	1	1	1	1	1	1	1	1	1	1	1	1	1	1	1	1	1	1	1	1	1	1	1	1	1	1	1	1	1	0	1	1	1	1	1	1	1	1	1	1	1	1	1	1	1	1	1	1	1	1	1	1	1	1	1	1	1	1	1	1	1	1
241	1.9516	1	1	1	1	1	1	1	1	1	1	1	1	1	1	1	1	1	1	1	1	1	1	1	1	1	1	1	1	1	1	1	1	1	1	1	1	1	0	1	1	1	1	1	1	1	1	1	1	1	1	1	1	1	1	1	1	1	1	1	1	1	1	1	1	0	1	1	1	0	1	1	1	1	1	1	1	1	1	1	1	1	1	1	1	1	1	1	1	1	1	1	1	1	1	1	1	1
242	47.436756	1	1	1	1	1	1	1	1	1	1	1	1	1	1	1	1	1	1	1	1	1	1	1	1	1	1	1	1	1	1	1	1	1	1	1	1	1	1	1	1	1	1	1	1	1	1	1	1	1	1	1	1	1	1	1	1	1	1	1	1	1	1	1	1	1	1	1	1	0	1	1	1	1	1	1	1	1	1	1	1	1	1	1	1	1	1	1	1	1	1	1	1	1	1	1	1	1
243	1.58148	1	1	1	1	1	1	1	1	1	1	1	1	1	1	1	1	1	0	1	1	1	1	1	1	1	1	1	1	1	1	1	1	1	1	1	1	1	0	1	1	1	1	1	1	1	1	1	1	1	1	1	1	1	1	1	1	1	1	1	1	1	1	1	0	1	1	1	1	0	1	1	1	0	1	1	1	1	1	1	1	1	1	1	0	1	1	0	1	1	1	1	1	1	1	1	1	1
244	44.688396	1	1	1	1	1	1	1	1	1	1	1	1	1	1	1	1	1	1	1	1	1	1	1	1	1	1	1	1	1	1	1	1	1	1	1	1	1	0	1	1	1	1	1	1	1	1	1	1	1	1	1	1	1	1	1	1	1	1	1	1	1	1	1	1	1	1	1	1	1	1	1	1	1	1	1	1	1	1	1	1	1	1	1	1	1	1	1	1	1	1	1	1	1	1	1	1	1
245	3.298491	1	1	1	1	1	1	1	1	1	1	1	1	1	1	1	1	1	0	1	1	1	1	1	1	1	1	1	1	1	1	1	1	1	1	1	1	1	0	1	1	1	1	1	1	1	1	1	1	1	1	1	1	1	1	1	1	1	1	1	1	1	1	1	1	1	1	1	1	1	1	1	1	1	1	1	1	1	1	1	1	1	1	1	1	1	1	0	1	1	1	1	1	1	1	1	1	1
246	46.422176	1	1	1	1	1	1	1	1	1	1	1	1	1	1	1	1	1	1	1	1	1	1	1	1	1	1	1	1	1	1	1	1	1	1	1	1	1	1	1	1	1	1	1	1	1	1	1	1	1	1	1	1	1	1	1	1	1	1	1	1	1	1	1	1	1	1	1	1	1	1	1	1	1	1	1	1	1	1	1	1	1	1	1	1	1	1	0	1	1	1	1	1	1	1	1	1	1
247	1.311682	1	1	1	1	1	1	1	1	1	1	1	1	1	1	1	1	1	0	1	1	1	1	1	1	1	1	1	1	1	1	1	1	1	1	1	1	1	1	1	1	1	1	1	1	1	1	1	1	1	1	1	1	1	1	1	1	1	1	1	1	1	1	1	1	1	1	1	1	1	1	1	1	1	1	1	1	1	1	1	1	1	1	1	1	1	1	0	1	1	1	1	1	1	1	1	1	1
248	4.216671	1	1	1	1	1	1	1	1	1	1	1	1	1	1	1	1	1	0	1	1	1	1	1	1	1	1	1	1	1	1	1	1	1	1	1	1	1	1	1	1	1	1	1	1	1	1	1	1	1	1	1	1	1	1	1	1	1	1	1	1	1	1	1	1	1	1	1	1	1	1	1	1	0	1	1	1	1	1	1	1	1	1	1	1	1	1	0	1	1	1	1	1	1	1	1	1	1
249	40.689224	1	1	1	1	1	1	1	1	1	1	1	1	1	1	1	1	1	0	1	1	1	1	1	1	1	1	1	1	1	1	1	1	1	1	1	1	1	1	1	1	1	1	1	1	1	1	1	1	1	1	1	1	1	1	1	1	1	1	1	1	1	1	1	1	1	1	1	1	1	1	1	1	1	1	1	1	1	1	1	1	1	1	1	1	1	1	1	1	1	1	1	1	1	1	1	1	1
250	36.417484	1	1	1	1	1	1	1	1	1	1	1	1	1	1	1	1	1	1	1	1	1	1	1	1	1	1	1	1	1	1	1	1	1	1	1	1	1	1	1	1	1	1	1	1	1	1	1	1	1	1	1	1	1	1	1	1	1	1	1	1	1	1	1	1	1	1	1	1	1	1	1	1	0	1	1	1	1	1	1	1	1	1	1	1	1	1	1	1	1	1	1	1	1	1	1	1	1
251	40.211849	1	1	1	1	1	1	1	1	1	1	1	1	1	1	1	1	1	1	1	1	1	1	1	1	1	1	1	1	1	1	1	1	1	1	1	1	1	1	1	1	1	1	1	1	1	1	1	1	1	1	1	1	1	1	1	1	1	1	1	1	1	1	1	0	1	1	1	1	1	1	1	1	1	1	1	1	1	1	1	1	1	1	1	1	1	1	1	1	1	1	1	1	1	1	1	1	1
252	5.061291	1	1	1	1	1	1	1	1	1	1	1	1	1	1	1	1	1	1	1	1	1	1	1	1	1	1	1	1	1	1	1	1	1	1	1	1	1	1	1	1	1	1	1	1	1	1	1	1	1	1	1	1	1	1	1	1	1	1	1	1	1	1	1	0	1	1	1	1	1	1	1	1	1	1	1	1	1	1	1	1	1	1	1	0	1	1	1	1	1	1	1	1	1	1	1	1	1
253	14.88404	1	1	1	1	1	1	1	1	1	1	1	1	1	1	1	1	1	1	1	1	1	1	1	1	1	1	1	1	1	1	1	1	1	1	1	1	1	1	1	1	1	1	1	1	1	1	1	1	1	1	1	1	1	1	1	1	1	1	1	1	1	1	1	1	1	1	1	1	1	1	1	1	1	1	1	1	1	1	1	1	1	1	1	0	1	1	1	1	1	1	1	1	1	1	1	1	1
254	8.537621	1	1	1	1	1	1	1	1	1	1	1	1	1	1	1	1	1	1	1	1	1	1	1	1	1	1	1	1	1	1	1	1	1	1	1	1	1	1	1	1	1	1	1	1	1	1	1	1	1	1	1	1	1	1	1	1	1	1	1	1	1	1	1	1	1	1	1	1	1	1	1	1	1	1	1	1	1	1	1	1	1	1	1	0	1	1	1	1	1	1	1	1	1	0	1	1	1
255	4.117767	1	1	1	1	1	1	1	1	1	1	1	1	1	1	1	1	1	1	1	1	1	1	1	1	1	1	1	1	1	1	1	1	1	1	1	1	1	1	1	1	1	1	1	1	1	1	1	1	1	1	1	1	1	1	1	1	1	1	1	1	1	1	1	1	1	1	1	1	1	1	1	1	1	1	1	1	1	1	1	0	1	1	1	0	1	1	1	1	1	1	1	1	1	0	1	1	1
256	1.017629	1	1	1	1	1	1	1	1	1	1	1	1	1	1	1	1	1	1	1	1	1	1	1	1	1	1	1	1	1	1	1	1	1	1	1	1	1	1	1	1	1	1	1	1	1	0	1	1	1	1	1	1	1	1	1	1	1	1	1	1	1	1	1	1	1	1	1	1	1	1	1	1	1	1	1	1	1	1	1	0	1	1	1	0	1	1	1	0	1	1	1	0	1	0	1	1	1
257	19.92156	1	1	1	1	1	1	1	1	1	1	1	1	1	1	1	1	1	1	1	1	1	1	1	1	1	1	1	1	1	1	1	1	1	1	1	1	1	1	1	1	1	1	1	1	1	1	1	1	1	1	1	1	1	1	1	1	1	1	1	1	1	1	1	1	1	1	1	1	1	1	1	1	1	1	1	1	1	1	1	1	1	1	1	1	1	1	1	1	1	1	1	1	1	0	1	1	1
258	1.30194	1	1	1	1	1	1	1	1	1	1	1	1	1	1	1	1	1	1	1	1	1	1	1	1	1	1	1	1	1	1	1	1	1	1	1	1	1	1	1	1	1	1	1	1	1	1	1	1	1	1	1	1	1	1	1	1	1	1	1	1	1	1	1	1	1	1	1	1	1	1	1	1	1	1	1	1	1	1	1	0	1	1	1	1	1	1	1	1	1	1	1	1	1	0	1	1	1
259	32.719406	1	1	1	1	1	1	1	1	1	1	1	1	1	1	1	1	1	1	1	1	1	1	1	1	1	1	1	1	1	1	1	1	1	1	1	1	1	1	1	1	1	1	1	1	1	1	1	1	1	1	1	1	1	1	1	1	1	1	1	1	1	1	1	1	1	1	1	1	1	1	1	1	1	1	1	1	1	1	1	0	1	1	1	1	1	1	1	1	1	1	1	1	1	1	1	1	1
260	39.677631	1	1	1	1	1	1	1	1	1	1	1	1	1	1	1	1	1	1	1	1	1	1	1	1	1	1	1	1	1	1	1	1	1	1	1	1	1	1	1	1	1	1	1	1	1	1	1	1	1	1	1	1	1	1	1	1	1	1	1	1	1	1	1	1	1	1	1	1	1	1	1	1	1	1	1	1	1	1	1	1	1	1	1	1	1	1	1	1	1	1	1	0	1	1	1	1	1
261	.421019	1	1	1	1	1	1	1	1	1	1	1	1	1	1	1	1	1	1	1	1	1	1	1	1	1	1	1	1	1	1	1	1	1	1	1	1	1	1	1	1	1	1	1	1	1	0	1	1	1	1	1	1	1	1	1	1	1	1	1	1	1	1	1	1	1	1	1	1	1	1	1	1	1	1	1	1	1	1	1	1	1	1	1	1	1	1	1	1	1	1	1	0	1	1	1	1	1
262	32.71994	1	1	1	1	1	1	1	1	1	1	1	1	1	1	1	1	1	1	1	1	1	1	1	1	1	1	1	1	1	1	1	1	1	1	1	1	1	1	1	1	1	1	1	1	1	0	1	1	1	1	1	1	1	1	1	1	1	1	1	1	1	1	1	1	1	1	1	1	1	1	1	1	1	1	1	1	1	1	1	1	1	1	1	1	1	1	1	1	1	1	1	1	1	1	1	1	1
263	34.605095	1	1	1	1	1	1	1	1	1	1	1	1	1	1	1	1	1	1	1	1	1	1	1	1	1	1	1	1	1	1	1	1	1	1	1	1	1	1	1	1	1	1	1	1	1	1	1	1	1	1	1	1	1	1	1	1	1	1	1	1	1	1	1	1	1	1	1	1	1	1	1	1	1	1	1	1	1	1	1	1	1	1	1	1	1	1	1	0	1	1	1	1	1	1	1	1	1
264	6.104927	1	1	1	1	1	1	1	1	1	1	1	1	0	1	1	1	1	1	1	1	1	1	1	1	1	1	1	1	1	1	1	1	1	1	1	1	1	1	1	1	1	1	1	1	1	1	1	1	1	1	1	1	1	0	1	1	1	1	1	1	1	1	1	1	1	1	1	1	1	0	1	1	1	1	1	1	1	1	1	1	1	1	1	1	1	1	1	0	1	1	1	1	1	1	1	1	1
265	34.981846	1	1	1	1	1	1	1	1	1	1	1	1	1	1	1	1	1	1	1	1	1	1	1	1	1	1	1	1	1	1	1	1	1	1	1	1	1	1	1	1	1	1	1	1	1	1	1	1	1	1	1	1	1	0	1	1	1	1	1	1	1	1	1	1	1	1	1	1	1	1	1	1	1	1	1	1	1	1	1	1	1	1	1	1	1	1	1	1	1	1	1	1	1	1	1	1	1
266	1.787639	1	1	1	1	1	1	1	1	1	1	1	1	0	1	1	1	1	1	1	1	1	1	1	1	1	1	1	1	1	1	1	1	1	1	1	1	1	1	1	1	1	1	1	1	1	1	1	1	1	1	1	1	1	0	1	1	1	1	1	1	1	1	1	1	1	1	1	1	1	1	1	1	1	1	1	1	1	1	1	1	1	1	1	1	1	1	1	1	1	1	1	1	1	1	1	1	1
267	33.816776	1	1	1	1	1	1	1	1	1	1	1	1	0	1	1	1	1	1	1	1	1	1	1	1	1	1	1	1	1	1	1	1	1	1	1	1	1	1	1	1	1	1	1	1	1	1	1	1	1	1	1	1	1	1	1	1	1	1	1	1	1	1	1	1	1	1	1	1	1	1	1	1	1	1	1	1	1	1	1	1	1	1	1	1	1	1	1	1	1	1	1	1	1	1	1	1	1
268	1.173783	1	1	1	1	1	1	1	1	1	1	1	1	0	1	1	1	1	1	1	1	1	1	1	1	1	1	1	1	1	1	1	1	1	1	1	1	1	1	1	1	1	1	1	1	1	1	1	1	1	1	1	1	1	1	1	1	1	1	1	1	1	1	1	1	1	1	1	1	1	0	1	1	1	1	1	1	1	1	1	1	1	1	1	1	1	1	1	1	1	1	1	1	1	1	1	1	1
269	38.376816	1	1	1	1	1	1	1	1	1	1	1	1	1	1	1	1	1	1	1	1	1	1	1	1	1	1	1	1	1	1	1	1	1	1	1	1	1	1	1	1	1	1	1	1	1	1	1	1	1	1	1	1	1	1	1	1	1	1	1	1	1	1	1	1	1	1	1	1	1	0	1	1	1	1	1	1	1	1	1	1	1	1	1	1	1	1	1	1	1	1	1	1	1	1	1	1	1
270	47.995735	1	1	1	1	1	1	1	1	1	1	1	1	1	1	1	1	1	1	1	1	1	1	1	1	1	1	1	1	1	1	1	1	1	1	0	1	1	1	1	1	1	1	1	1	1	1	1	1	1	1	1	1	1	1	1	1	1	1	1	1	1	1	1	1	1	1	1	1	1	1	1	1	1	1	1	1	1	1	1	1	1	1	1	1	1	1	1	1	1	1	1	1	1	1	1	1	1
271	41.190647	1	1	1	1	1	1	1	1	1	1	1	1	1	1	1	1	0	1	1	1	1	1	1	1	1	1	1	1	1	1	1	1	1	1	1	1	1	1	1	1	1	1	1	1	1	1	1	1	1	1	1	1	1	1	1	1	1	1	1	1	1	1	1	1	1	1	1	1	1	1	1	1	1	1	1	1	1	1	1	1	1	1	1	1	1	1	1	1	1	1	1	1	1	1	1	1	1
272	42.43549	1	1	1	1	1	1	1	1	1	0	1	1	1	1	1	1	1	1	1	1	1	1	1	1	1	1	1	1	1	1	1	1	1	1	1	1	1	1	1	1	1	1	1	1	1	1	1	1	1	1	1	1	1	1	1	1	1	1	1	1	1	1	1	1	1	1	1	1	1	1	1	1	1	1	1	1	1	1	1	1	1	1	1	1	1	1	1	1	1	1	1	1	1	1	1	1	1
273	48.354465	1	1	1	1	1	1	1	1	1	1	1	1	1	1	1	1	1	1	1	1	1	1	1	1	1	1	1	1	1	1	1	1	1	1	1	1	1	1	1	1	1	1	1	1	0	1	1	1	1	1	1	1	1	1	1	1	1	1	1	1	1	1	1	1	1	1	1	1	1	1	1	1	1	1	1	1	1	1	1	1	1	1	1	1	1	1	1	1	1	1	1	1	1	1	1	1	1
274	54.278126	1	1	1	1	1	1	1	1	1	1	1	1	1	1	1	1	1	1	1	1	1	1	1	1	1	1	1	1	1	1	1	1	1	1	1	1	1	1	1	1	1	1	0	1	1	1	1	1	1	1	1	1	1	1	1	1	1	1	1	1	1	1	1	1	1	1	1	1	1	1	1	1	1	1	1	1	1	1	1	1	1	1	1	1	1	1	1	1	1	1	1	1	1	1	1	1	1
275	.005912	1	1	1	0	0	0	1	1	1	1	0	1	1	0	1	1	1	1	1	1	0	0	1	0	0	1	0	0	1	0	0	0	0	1	1	0	0	1	0	0	0	0	0	0	1	1	1	1	1	1	1	1	1	1	1	1	0	0	0	1	0	0	1	1	1	1	1	1	1	1	1	0	1	1	1	0	0	1	0	1	1	0	0	1	1	0	1	1	1	0	0	1	1	1	1	1	1
276	.373612	1	1	1	0	0	0	1	1	1	1	0	1	1	0	1	1	1	1	1	1	0	0	1	0	0	1	0	0	1	0	0	0	0	1	1	0	0	1	0	0	0	0	0	0	1	1	1	1	1	0	1	1	1	1	1	1	0	0	0	1	0	0	1	1	1	1	1	1	1	1	1	0	1	1	1	0	0	1	0	1	1	0	0	1	1	0	1	1	1	0	0	1	1	1	1	1	1
277	.019699	1	1	1	0	0	0	1	1	1	1	0	1	1	0	1	1	1	1	1	1	0	0	1	0	0	1	0	0	1	0	0	0	0	1	1	0	0	1	0	0	0	0	0	0	1	1	1	1	1	0	1	1	1	1	1	1	0	0	0	1	0	0	1	1	1	1	1	1	1	1	0	0	1	1	1	0	0	1	0	1	1	0	0	1	1	0	1	1	1	0	0	1	1	1	1	1	1
278	44.28693	1	1	1	1	1	1	1	1	1	1	1	1	1	1	1	1	1	1	1	1	1	1	1	1	1	1	1	1	1	1	1	1	1	1	1	1	1	1	0	1	1	1	1	1	1	1	1	1	1	1	1	1	1	1	1	1	1	1	1	1	1	1	1	1	1	1	1	1	1	1	1	1	1	1	1	1	1	1	1	1	1	1	1	1	1	1	1	1	1	1	1	1	1	1	1	1	1
279	5.202292	1	1	1	1	1	1	1	1	1	1	1	1	1	0	1	1	1	1	1	1	1	1	1	1	1	1	1	1	1	1	1	1	1	1	1	1	1	1	0	1	1	1	1	1	1	1	1	1	1	1	1	1	1	1	1	1	1	1	1	1	1	1	1	1	1	1	1	1	1	1	1	1	1	1	1	1	1	1	1	1	1	1	1	1	1	1	1	1	1	1	1	1	1	1	1	1	1
280	.009206	1	1	1	0	0	0	1	1	1	1	0	1	1	0	1	1	1	1	1	1	0	0	1	0	0	1	0	0	1	0	0	0	0	1	1	0	0	1	0	0	0	0	1	0	1	1	1	1	1	1	1	1	1	1	1	1	0	0	0	1	0	0	1	1	1	1	1	1	1	1	1	0	1	1	1	0	0	1	0	1	1	0	0	1	1	0	1	1	1	0	0	1	1	1	1	1	1
281	.35402	1	1	1	0	0	0	1	1	1	1	0	1	1	0	1	1	1	1	1	1	0	0	1	0	0	1	0	0	1	0	0	0	0	1	1	0	0	1	0	0	0	0	1	0	1	1	1	1	1	0	1	1	1	1	1	1	0	0	0	1	0	0	1	1	1	1	1	1	1	1	1	0	1	1	1	0	0	1	0	1	1	0	0	1	1	0	1	1	1	0	0	1	1	1	1	1	1
282	.022522	1	1	1	0	0	0	1	1	1	1	0	1	1	0	1	1	1	1	1	1	0	0	1	0	0	1	0	0	1	0	0	0	0	1	1	0	0	1	0	0	0	0	1	0	1	1	1	1	1	0	1	1	1	1	1	1	0	0	0	1	0	0	1	1	1	1	1	1	1	1	0	0	1	1	1	0	0	1	0	1	1	0	0	1	1	0	1	1	1	0	0	1	1	1	1	1	1
283	3.938728	1	1	1	0	0	0	1	1	1	1	0	1	1	0	1	0	1	1	1	1	0	0	1	0	0	1	0	0	1	0	0	0	0	1	1	0	0	1	0	0	0	0	1	0	1	1	1	1	1	0	1	1	1	1	1	1	0	0	0	1	0	0	1	1	1	1	1	1	1	1	0	0	1	1	1	0	0	1	0	1	1	0	0	1	1	0	1	1	1	0	0	1	1	1	1	1	1
284	47.653538	1	1	1	1	1	1	1	1	1	1	1	1	1	0	1	1	1	1	1	1	1	1	1	1	1	1	1	1	1	1	1	1	1	1	1	1	1	1	1	1	1	1	1	1	1	1	1	1	1	1	1	1	1	1	1	1	1	1	1	1	1	1	1	1	1	1	1	1	1	1	1	1	1	1	1	1	1	1	1	1	1	1	1	1	1	1	1	1	1	1	1	1	1	1	1	1	1
285	70.020164	1	1	1	1	1	1	1	1	1	1	1	1	1	1	1	1	1	1	1	1	1	1	1	1	0	1	1	1	1	1	1	1	1	1	1	1	1	1	1	1	1	1	1	1	1	1	1	1	1	1	1	1	1	1	1	1	1	1	1	1	1	1	1	1	1	1	1	1	1	1	1	1	1	1	1	1	1	1	1	1	1	1	1	1	1	1	1	1	1	1	1	1	1	1	1	1	1
286	.013651	1	1	1	0	0	0	1	1	1	1	0	1	1	1	1	1	1	1	1	1	0	0	1	0	0	1	0	0	1	0	0	0	0	1	1	0	0	1	1	0	0	0	1	0	1	1	1	1	1	0	1	1	1	1	1	1	0	0	0	1	0	0	1	1	1	1	1	1	1	1	0	0	1	1	1	0	0	1	0	1	1	0	0	1	1	0	1	1	1	0	0	1	1	1	1	1	1
287	73.526169	1	1	1	1	1	1	1	1	1	1	1	1	1	1	1	1	1	1	1	1	1	1	1	1	1	1	1	1	1	1	1	1	1	1	1	1	1	1	1	1	1	0	1	1	1	1	1	1	1	1	1	1	1	1	1	1	1	1	1	1	1	1	1	1	1	1	1	1	1	1	1	1	1	1	1	1	1	1	1	1	1	1	1	1	1	1	1	1	1	1	1	1	1	1	1	1	1
288	75.180313	1	1	1	1	1	1	1	1	1	1	1	1	1	1	1	1	1	1	1	1	0	1	1	1	1	1	1	1	1	1	1	1	1	1	1	1	1	1	1	1	1	1	1	1	1	1	1	1	1	1	1	1	1	1	1	1	1	1	1	1	1	1	1	1	1	1	1	1	1	1	1	1	1	1	1	1	1	1	1	1	1	1	1	1	1	1	1	1	1	1	1	1	1	1	1	1	1
289	11.698916	1	1	1	0	0	0	1	1	1	1	0	1	1	1	1	1	1	1	1	1	0	0	1	0	1	1	0	0	1	0	0	0	0	1	1	0	0	1	1	0	0	1	1	0	1	1	1	1	1	0	1	1	1	1	1	1	0	0	0	1	0	0	1	1	1	1	1	1	1	1	0	0	1	1	1	0	0	1	0	1	1	0	0	1	1	0	1	1	1	0	0	1	1	1	1	1	1
290	69.508026	1	1	1	1	1	1	1	1	1	1	1	1	1	1	1	1	1	1	1	1	1	1	1	1	1	1	1	1	1	1	1	1	1	1	1	1	1	1	1	1	0	1	1	1	1	1	1	1	1	1	1	1	1	1	1	1	1	1	1	1	1	1	1	1	1	1	1	1	1	1	1	1	1	1	1	1	1	1	1	1	1	1	1	1	1	1	1	1	1	1	1	1	1	1	1	1	1
291	.004797	1	1	1	0	0	0	1	1	1	1	0	1	1	1	1	1	1	1	1	1	1	0	1	0	1	1	0	0	1	0	0	0	0	1	1	0	0	1	1	0	0	1	1	0	1	1	1	1	1	0	1	1	1	1	1	1	0	0	0	1	0	0	1	1	1	1	1	1	1	1	1	0	1	1	1	0	0	1	0	1	1	0	0	1	1	0	1	1	1	0	0	1	1	1	1	1	1
292	.012352	1	1	1	0	0	0	1	1	1	1	0	1	1	1	1	1	1	1	1	1	1	0	1	0	1	1	0	0	1	0	0	0	0	1	1	0	0	1	1	0	0	1	1	0	1	1	1	1	1	0	1	1	1	1	1	1	0	0	0	1	0	0	1	1	1	1	1	1	1	1	0	0	1	1	1	0	0	1	0	1	1	0	0	1	1	0	1	1	1	0	0	1	1	1	1	1	1
293	61.803989	1	1	1	1	1	1	1	1	1	1	1	1	1	1	1	1	1	1	1	1	1	1	1	1	1	1	1	1	1	1	1	1	1	1	1	1	1	1	1	1	1	1	1	1	1	1	1	1	1	1	1	1	1	1	1	1	1	1	1	1	1	1	1	1	1	1	1	1	1	1	1	1	1	1	1	1	1	1	0	1	1	1	1	1	1	1	1	1	1	1	1	1	1	1	1	1	1
294	1.874833	1	1	1	1	0	0	1	1	1	1	0	1	1	1	1	1	1	1	1	1	1	1	1	0	1	1	0	1	1	0	0	0	1	1	1	0	0	1	1	0	1	1	1	0	1	1	1	1	1	1	1	1	1	1	1	1	0	0	0	1	1	0	1	1	1	1	1	1	1	1	1	0	1	1	1	0	0	1	0	1	1	0	0	1	1	1	1	1	1	0	0	1	1	1	1	1	1
295	.010063	1	1	1	1	0	0	1	1	1	1	0	1	1	1	1	1	1	1	1	1	1	1	1	0	1	1	0	1	1	0	0	0	1	1	1	0	0	1	1	0	1	1	1	0	1	1	1	1	1	1	1	1	1	1	1	1	0	0	0	1	1	0	1	1	1	1	1	1	1	1	1	0	1	1	1	0	0	1	0	1	1	0	0	1	1	0	1	1	1	0	0	1	1	1	1	1	1
296	.935455	1	1	1	1	0	0	1	1	1	1	0	1	1	1	1	1	1	1	1	1	1	0	1	0	1	1	0	1	1	0	0	0	1	1	1	0	0	1	1	0	1	1	1	0	1	1	1	1	1	1	1	1	1	1	1	1	0	0	0	1	1	0	1	1	1	1	1	1	1	1	1	0	1	1	1	0	0	1	0	1	1	0	0	1	1	0	1	1	1	0	0	1	1	1	1	1	1
297	.013268	1	1	1	1	0	0	1	1	1	1	0	1	1	1	1	1	1	1	1	1	1	0	1	0	1	1	0	1	1	0	0	0	0	1	1	0	0	1	1	0	1	1	1	0	1	1	1	1	1	1	1	1	1	1	1	1	0	0	0	1	1	0	1	1	1	1	1	1	1	1	1	0	1	1	1	0	0	1	0	1	1	0	0	1	1	0	1	1	1	0	0	1	1	1	1	1	1
298	4.315202	1	1	1	0	0	0	1	1	1	1	0	1	1	1	1	1	1	1	1	1	1	0	1	0	1	1	0	0	1	0	0	0	0	1	1	0	0	1	1	0	1	1	1	0	1	1	1	1	1	1	1	1	1	1	1	1	0	0	0	1	0	0	1	1	1	1	1	1	1	1	1	0	1	1	1	0	0	1	0	1	1	0	0	1	1	0	1	1	1	0	0	1	1	1	1	1	1
299	.022028	1	1	1	0	0	0	1	1	1	1	0	1	1	1	1	1	1	1	1	1	1	0	1	0	1	1	0	0	1	0	0	0	0	1	1	0	0	1	1	0	1	1	1	0	1	1	1	1	1	0	1	1	1	1	1	1	0	0	0	1	0	0	1	1	1	1	1	1	1	1	1	0	1	1	1	0	0	1	0	1	1	0	0	1	1	0	1	1	1	0	0	1	1	1	1	1	1
300	.025253	1	1	1	0	0	0	1	1	1	1	0	1	1	1	1	1	1	1	1	1	1	0	1	0	1	1	0	0	1	0	0	0	0	1	1	0	0	1	1	0	1	1	1	0	1	1	1	1	1	0	1	1	1	1	1	1	0	0	0	1	0	0	1	1	1	1	1	1	1	1	0	0	1	1	1	0	0	1	0	1	1	0	0	1	1	0	1	1	1	0	0	1	1	1	1	1	1
301	.008204	1	1	1	0	0	0	1	1	1	1	0	1	1	1	1	0	1	1	1	1	1	0	1	0	1	1	0	0	1	0	0	0	0	1	1	0	0	1	1	0	1	1	1	0	1	1	1	1	1	0	1	1	1	1	1	1	0	0	0	1	0	0	1	1	1	1	1	1	1	1	0	0	1	1	1	0	0	1	0	1	1	0	0	1	1	0	1	1	1	0	0	1	1	1	1	1	1
302	70.570747	1	1	1	1	1	1	1	1	1	1	1	1	1	1	1	1	1	1	1	1	1	1	1	1	1	1	1	1	1	1	1	1	1	1	1	1	1	1	1	1	1	1	1	1	1	1	1	1	1	1	1	1	1	1	1	1	1	1	1	1	1	1	1	1	1	1	1	1	1	1	1	1	1	1	1	1	1	1	1	1	1	1	0	1	1	1	1	1	1	1	1	1	1	1	1	1	1
303	.006378	1	1	1	1	0	1	1	1	1	1	0	1	1	1	1	1	1	1	1	1	1	1	1	0	1	1	1	1	1	0	0	0	1	1	1	0	0	1	1	0	1	1	1	0	1	1	1	1	1	1	1	1	1	1	1	1	0	0	0	1	1	0	1	1	1	1	1	1	1	1	1	0	1	1	1	0	0	1	1	1	1	0	0	1	1	1	1	1	1	0	0	1	1	1	1	1	1
304	.017637	1	1	1	1	0	0	1	1	1	1	0	1	1	1	1	1	1	1	1	1	1	1	1	0	1	1	0	1	1	0	0	0	1	1	1	0	0	1	1	0	1	1	1	0	1	1	1	1	1	1	1	1	1	1	1	1	0	0	0	1	1	0	1	1	1	1	1	1	1	1	1	0	1	1	1	0	0	1	1	1	1	0	0	1	1	1	1	1	1	0	0	1	1	1	1	1	1
305	.019254	1	1	1	1	0	0	1	1	1	1	0	1	1	1	1	1	1	1	1	1	1	1	1	0	1	1	0	1	1	0	0	0	1	1	1	0	0	1	1	0	1	1	1	0	1	1	1	1	1	1	1	1	1	1	1	1	0	0	0	1	1	0	1	1	1	1	1	1	1	1	1	0	1	1	1	0	0	1	1	1	1	0	0	1	1	0	1	1	1	0	0	1	1	1	1	1	1
306	.018981	1	1	1	1	0	0	1	1	1	1	0	1	1	1	1	1	1	1	1	1	1	0	1	0	1	1	0	1	1	0	0	0	1	1	1	0	0	1	1	0	1	1	1	0	1	1	1	1	1	1	1	1	1	1	1	1	0	0	0	1	1	0	1	1	1	1	1	1	1	1	1	0	1	1	1	0	0	1	1	1	1	0	0	1	1	0	1	1	1	0	0	1	1	1	1	1	1
307	.221411	1	1	1	1	0	0	1	1	1	1	0	1	1	1	1	1	1	1	1	1	1	0	1	0	1	1	0	1	1	0	0	0	0	1	1	0	0	1	1	0	1	1	1	0	1	1	1	1	1	1	1	1	1	1	1	1	0	0	0	1	1	0	1	1	1	1	1	1	1	1	1	0	1	1	1	0	0	1	1	1	1	0	0	1	1	0	1	1	1	0	0	1	1	1	1	1	1
308	.029062	1	1	1	0	0	0	1	1	1	1	0	1	1	1	1	1	1	1	1	1	1	0	1	0	1	1	0	0	1	0	0	0	0	1	1	0	0	1	1	0	1	1	1	0	1	1	1	1	1	1	1	1	1	1	1	1	0	0	0	1	0	0	1	1	1	1	1	1	1	1	1	0	1	1	1	0	0	1	1	1	1	0	0	1	1	0	1	1	1	0	0	1	1	1	1	1	1
309	.027731	1	1	1	0	0	0	1	1	1	1	0	1	1	1	1	1	1	1	1	1	1	0	1	0	1	1	0	0	1	0	0	0	0	1	1	0	0	1	1	0	1	1	1	0	1	1	1	1	1	0	1	1	1	1	1	1	0	0	0	1	0	0	1	1	1	1	1	1	1	1	1	0	1	1	1	0	0	1	1	1	1	0	0	1	1	0	1	1	1	0	0	1	1	1	1	1	1
310	.029599	1	1	1	0	0	0	1	1	1	1	0	1	1	1	1	1	1	1	1	1	1	0	1	0	1	1	0	0	1	0	0	0	0	1	1	0	0	1	1	0	1	1	1	0	1	1	1	1	1	0	1	1	1	1	1	1	0	0	0	1	0	0	1	1	1	1	1	1	1	1	0	0	1	1	1	0	0	1	1	1	1	0	0	1	1	0	1	1	1	0	0	1	1	1	1	1	1
311	.011349	1	1	1	0	0	0	1	1	1	1	0	1	1	1	1	0	1	1	1	1	1	0	1	0	1	1	0	0	1	0	0	0	0	1	1	0	0	1	1	0	1	1	1	0	1	1	1	1	1	0	1	1	1	1	1	1	0	0	0	1	0	0	1	1	1	1	1	1	1	1	0	0	1	1	1	0	0	1	1	1	1	0	0	1	1	0	1	1	1	0	0	1	1	1	1	1	1
312	68.688461	1	1	1	1	1	1	1	1	1	1	1	1	1	1	1	1	1	1	1	1	1	1	1	1	1	1	1	1	1	1	1	1	1	1	1	1	1	1	1	1	1	1	1	1	1	1	1	1	1	1	1	1	1	1	1	1	1	1	1	1	1	1	1	1	1	1	1	1	1	1	1	0	1	1	1	1	1	1	1	1	1	1	1	1	1	1	1	1	1	1	1	1	1	1	1	1	1
313	.572121	1	1	1	1	0	1	1	1	1	1	0	1	1	1	1	1	1	1	1	1	1	1	1	0	1	1	1	1	1	0	0	0	1	1	1	0	0	1	1	0	1	1	1	0	1	1	1	1	1	1	1	1	1	1	1	1	0	0	1	1	1	0	1	1	1	1	1	1	1	1	1	0	1	1	1	0	0	1	1	1	1	0	1	1	1	1	1	1	1	0	0	1	1	1	1	1	1
314	2.573358	1	1	1	1	0	1	1	1	1	1	0	1	1	1	1	1	1	1	1	1	1	1	1	0	1	1	1	1	1	0	0	0	1	1	1	0	0	1	1	0	1	1	1	0	1	1	1	1	1	1	1	1	1	1	1	1	0	0	0	1	1	0	1	1	1	1	1	1	1	1	1	0	1	1	1	0	0	1	1	1	1	0	1	1	1	1	1	1	1	0	0	1	1	1	1	1	1
315	.473318	1	1	1	1	0	0	1	1	1	1	0	1	1	1	1	1	1	1	1	1	1	1	1	0	1	1	0	1	1	0	0	0	1	1	1	0	0	1	1	0	1	1	1	0	1	1	1	1	1	1	1	1	1	1	1	1	0	0	0	1	1	0	1	1	1	1	1	1	1	1	1	0	1	1	1	0	0	1	1	1	1	0	1	1	1	1	1	1	1	0	0	1	1	1	1	1	1
316	.015355	1	1	1	1	0	0	1	1	1	1	0	1	1	1	1	1	1	1	1	1	1	1	1	0	1	1	0	1	1	0	0	0	1	1	1	0	0	1	1	0	1	1	1	0	1	1	1	1	1	1	1	1	1	1	1	1	0	0	0	1	1	0	1	1	1	1	1	1	1	1	1	0	1	1	1	0	0	1	1	1	1	0	1	1	1	0	1	1	1	0	0	1	1	1	1	1	1
317	.011928	1	1	1	1	0	0	1	1	1	1	0	1	1	1	1	1	1	1	1	1	1	0	1	0	1	1	0	1	1	0	0	0	1	1	1	0	0	1	1	0	1	1	1	0	1	1	1	1	1	1	1	1	1	1	1	1	0	0	0	1	1	0	1	1	1	1	1	1	1	1	1	0	1	1	1	0	0	1	1	1	1	0	1	1	1	0	1	1	1	0	0	1	1	1	1	1	1
318	.002599	1	1	1	1	0	0	1	1	1	1	0	1	1	1	1	1	1	1	1	1	1	0	1	0	1	1	0	1	1	0	0	0	0	1	1	0	0	1	1	0	1	1	1	0	1	1	1	1	1	1	1	1	1	1	1	1	0	0	0	1	1	0	1	1	1	1	1	1	1	1	1	0	1	1	1	0	0	1	1	1	1	0	1	1	1	0	1	1	1	0	0	1	1	1	1	1	1
319	.013594	1	1	1	0	0	0	1	1	1	1	0	1	1	1	1	1	1	1	1	1	1	0	1	0	1	1	0	0	1	0	0	0	0	1	1	0	0	1	1	0	1	1	1	0	1	1	1	1	1	1	1	1	1	1	1	1	0	0	0	1	0	0	1	1	1	1	1	1	1	1	1	0	1	1	1	0	0	1	1	1	1	0	1	1	1	0	1	1	1	0	0	1	1	1	1	1	1
320	.014545	1	1	1	0	0	0	1	1	1	1	0	1	1	1	1	1	1	1	1	1	1	0	1	0	1	1	0	0	1	0	0	0	0	1	1	0	0	1	1	0	1	1	1	0	1	1	1	1	1	0	1	1	1	1	1	1	0	0	0	1	0	0	1	1	1	1	1	1	1	1	1	0	1	1	1	0	0	1	1	1	1	0	1	1	1	0	1	1	1	0	0	1	1	1	1	1	1
321	.016044	1	1	1	0	0	0	1	1	1	1	0	1	1	1	1	1	1	1	1	1	1	0	1	0	1	1	0	0	1	0	0	0	0	1	1	0	0	1	1	0	1	1	1	0	1	1	1	1	1	0	1	1	1	1	1	1	0	0	0	1	0	0	1	1	1	1	1	1	1	1	0	0	1	1	1	0	0	1	1	1	1	0	1	1	1	0	1	1	1	0	0	1	1	1	1	1	1
322	75.306984	1	1	1	1	1	1	1	1	1	1	1	1	1	1	1	1	1	1	1	1	1	1	1	1	1	1	1	1	1	1	1	1	1	1	1	1	1	1	1	1	1	1	1	1	1	1	1	1	1	1	1	1	1	1	1	1	1	1	1	1	1	1	1	1	1	1	1	1	1	1	1	1	1	1	1	0	1	1	1	1	1	1	1	1	1	1	1	1	1	1	1	1	1	1	1	1	1
323	.726892	1	1	1	1	0	1	1	1	1	1	0	1	1	1	1	1	1	1	1	1	1	1	1	0	1	1	1	1	1	0	0	0	1	1	1	0	0	1	1	0	1	1	1	0	1	1	1	1	1	1	1	1	1	1	1	1	0	0	1	1	1	0	1	1	1	1	1	1	1	1	1	1	1	1	1	0	0	1	1	1	1	0	1	1	1	1	1	1	1	0	0	1	1	1	1	1	1
324	.007593	1	1	1	1	0	1	1	1	1	1	0	1	1	1	1	1	1	1	1	1	1	1	1	0	1	1	1	1	1	0	0	0	1	1	1	0	0	1	1	0	1	1	1	0	1	1	1	1	1	1	1	1	1	1	1	1	0	0	0	1	1	0	1	1	1	1	1	1	1	1	1	1	1	1	1	0	0	1	1	1	1	0	1	1	1	1	1	1	1	0	0	1	1	1	1	1	1
325	.011529	1	1	1	1	0	0	1	1	1	1	0	1	1	1	1	1	1	1	1	1	1	1	1	0	1	1	0	1	1	0	0	0	1	1	1	0	0	1	1	0	1	1	1	0	1	1	1	1	1	1	1	1	1	1	1	1	0	0	0	1	1	0	1	1	1	1	1	1	1	1	1	1	1	1	1	0	0	1	1	1	1	0	1	1	1	1	1	1	1	0	0	1	1	1	1	1	1
326	.011076	1	1	1	1	0	0	1	1	1	1	0	1	1	1	1	1	1	1	1	1	1	1	1	0	1	1	0	1	1	0	0	0	1	1	1	0	0	1	1	0	1	1	1	0	1	1	1	1	1	1	1	1	1	1	1	1	0	0	0	1	1	0	1	1	1	1	1	1	1	1	1	1	1	1	1	0	0	1	1	1	1	0	1	1	1	0	1	1	1	0	0	1	1	1	1	1	1
327	.007591	1	1	1	1	0	0	1	1	1	1	0	1	1	1	1	1	1	1	1	1	1	0	1	0	1	1	0	1	1	0	0	0	1	1	1	0	0	1	1	0	1	1	1	0	1	1	1	1	1	1	1	1	1	1	1	1	0	0	0	1	1	0	1	1	1	1	1	1	1	1	1	1	1	1	1	0	0	1	1	1	1	0	1	1	1	0	1	1	1	0	0	1	1	1	1	1	1
328	.006152	1	1	1	0	0	0	1	1	1	1	0	1	1	1	1	1	1	1	1	1	1	0	1	0	1	1	0	0	1	0	0	0	0	1	1	0	0	1	1	0	1	1	1	0	1	1	1	1	1	1	1	1	1	1	1	1	0	0	0	1	0	0	1	1	1	1	1	1	1	1	1	1	1	1	1	0	0	1	1	1	1	0	1	1	1	0	1	1	1	0	0	1	1	1	1	1	1
329	.007767	1	1	1	0	0	0	1	1	1	1	0	1	1	1	1	1	1	1	1	1	1	0	1	0	1	1	0	0	1	0	0	0	0	1	1	0	0	1	1	0	1	1	1	0	1	1	1	1	1	0	1	1	1	1	1	1	0	0	0	1	0	0	1	1	1	1	1	1	1	1	1	1	1	1	1	0	0	1	1	1	1	0	1	1	1	0	1	1	1	0	0	1	1	1	1	1	1
330	.009043	1	1	1	0	0	0	1	1	1	1	0	1	1	1	1	1	1	1	1	1	1	0	1	0	1	1	0	0	1	0	0	0	0	1	1	0	0	1	1	0	1	1	1	0	1	1	1	1	1	0	1	1	1	1	1	1	0	0	0	1	0	0	1	1	1	1	1	1	1	1	0	1	1	1	1	0	0	1	1	1	1	0	1	1	1	0	1	1	1	0	0	1	1	1	1	1	1
331	64.187057	1	1	1	1	1	1	1	1	1	1	1	1	1	1	1	1	1	1	1	1	1	1	1	1	1	1	1	1	1	1	1	1	1	1	1	1	1	1	1	1	1	1	1	1	1	1	1	1	1	1	1	1	1	1	1	1	1	1	1	1	1	1	1	1	1	1	1	1	1	1	1	1	1	1	1	1	0	1	1	1	1	1	1	1	1	1	1	1	1	1	1	1	1	1	1	1	1
332	1.106306	1	1	1	1	1	1	1	1	1	1	1	1	1	1	1	1	1	1	1	1	1	1	1	1	1	1	1	1	1	1	1	1	1	1	1	1	1	1	1	0	1	1	1	1	1	1	1	1	1	1	1	1	1	1	1	1	1	1	1	1	1	1	1	1	1	1	1	1	1	1	1	1	1	1	1	1	0	1	1	1	1	1	1	1	1	1	1	1	1	1	1	1	1	1	1	1	1
333	.010467	1	1	1	1	0	1	1	1	1	1	0	1	1	1	1	1	1	1	1	1	1	1	1	0	1	1	1	1	1	0	0	0	1	1	1	0	0	1	1	0	1	1	1	0	1	1	1	1	1	1	1	1	1	1	1	1	0	0	0	1	1	0	1	1	1	1	1	1	1	1	1	1	1	1	1	1	0	1	1	1	1	0	1	1	1	1	1	1	1	0	0	1	1	1	1	1	1
334	3.843616	1	1	1	1	0	0	1	1	1	1	0	1	1	1	1	1	1	1	1	1	1	1	1	0	1	1	1	1	1	0	0	0	1	1	1	0	0	1	1	0	1	1	1	0	1	1	1	1	1	1	1	1	1	1	1	1	0	0	0	1	1	0	1	1	1	1	1	1	1	1	1	1	1	1	1	1	0	1	1	1	1	0	1	1	1	1	1	1	1	0	0	1	1	1	1	1	1
335	.009045	1	1	1	1	0	0	1	1	1	1	0	1	1	1	1	1	1	1	1	1	1	1	1	0	1	1	0	1	1	0	0	0	1	1	1	0	0	1	1	0	1	1	1	0	1	1	1	1	1	1	1	1	1	1	1	1	0	0	0	1	1	0	1	1	1	1	1	1	1	1	1	1	1	1	1	1	0	1	1	1	1	0	1	1	1	1	1	1	1	0	0	1	1	1	1	1	1
336	6.364391	1	1	1	1	0	0	1	1	1	1	0	1	1	1	1	1	1	1	1	1	1	1	1	0	1	1	0	1	1	0	0	0	1	1	1	0	0	1	1	0	1	1	1	0	1	1	1	1	1	1	1	1	1	1	1	1	0	0	0	1	1	0	1	1	1	1	1	1	1	1	1	1	1	1	1	1	0	1	1	1	1	0	1	1	1	0	1	1	1	0	0	1	1	1	1	1	1
337	.006257	1	1	1	1	0	0	1	1	1	1	0	1	1	1	1	1	1	1	1	1	1	0	1	0	1	1	0	1	1	0	0	0	1	1	1	0	0	1	1	0	1	1	1	0	1	1	1	1	1	1	1	1	1	1	1	1	0	0	0	1	1	0	1	1	1	1	1	1	1	1	1	1	1	1	1	1	0	1	1	1	1	0	1	1	1	0	1	1	1	0	0	1	1	1	1	1	1
338	.003863	1	1	1	0	0	0	1	1	1	1	0	1	1	1	1	1	1	1	1	1	1	0	1	0	1	1	0	0	1	0	0	0	0	1	1	0	0	1	1	0	1	1	1	0	1	1	1	1	1	1	1	1	1	1	1	1	0	0	0	1	0	0	1	1	1	1	1	1	1	1	1	1	1	1	1	1	0	1	1	1	1	0	1	1	1	0	1	1	1	0	0	1	1	1	1	1	1
339	5.426347	1	1	1	0	0	0	1	1	1	1	0	1	1	1	1	0	1	1	1	1	1	0	1	0	1	1	0	0	1	0	0	0	0	1	1	0	0	1	1	0	1	1	1	0	1	1	1	1	1	0	1	1	1	1	1	1	0	0	0	1	0	0	1	1	1	1	1	1	1	1	0	1	1	1	1	1	0	1	1	1	1	0	1	1	1	0	1	1	1	0	0	1	1	1	1	1	1
340	76.227264	1	1	1	1	1	1	1	1	1	1	1	1	1	1	1	1	1	1	1	1	1	1	1	1	1	1	1	1	1	1	1	1	1	1	1	1	1	1	1	0	1	1	1	1	1	1	1	1	1	1	1	1	1	1	1	1	1	1	1	1	1	1	1	1	1	1	1	1	1	1	1	1	1	1	1	1	1	1	1	1	1	1	1	1	1	1	1	1	1	1	1	1	1	1	1	1	1
341	.006242	1	1	1	1	0	1	1	1	1	1	0	1	1	1	1	1	1	1	1	1	1	1	1	0	1	1	1	1	1	0	0	0	1	1	1	0	0	1	1	0	1	1	1	0	1	1	1	1	1	1	1	1	1	1	1	1	0	0	0	1	1	0	1	1	1	1	1	1	1	1	1	1	1	1	1	1	1	1	1	1	1	0	1	1	1	1	1	1	1	0	0	1	1	1	1	1	1
342	.004163	1	1	1	1	0	0	1	1	1	1	0	1	1	1	1	1	1	1	1	1	1	1	1	0	1	1	0	1	1	0	0	0	1	1	1	0	0	1	1	0	1	1	1	0	1	1	1	1	1	1	1	1	1	1	1	1	0	0	0	1	1	0	1	1	1	1	1	1	1	1	1	1	1	1	1	1	1	1	1	1	1	0	1	1	1	1	1	1	1	0	0	1	1	1	1	1	1
343	62.357079	1	1	1	1	1	1	1	1	1	1	1	1	1	1	1	1	1	1	1	1	1	1	1	1	1	1	1	1	1	1	1	1	1	1	1	1	1	1	1	1	1	1	1	1	1	1	1	1	1	1	1	1	1	1	1	1	0	1	1	1	1	1	1	1	1	1	1	1	1	1	1	1	1	1	1	1	1	1	1	1	1	1	1	1	1	1	1	1	1	1	1	1	1	1	1	1	1
344	2.294258	1	1	1	1	1	1	1	1	1	1	1	1	1	1	1	1	1	1	1	1	1	1	1	1	1	1	1	1	1	0	1	1	1	1	1	1	1	1	1	1	1	1	1	1	1	1	1	1	1	1	1	1	1	1	1	1	0	1	1	1	1	1	1	1	1	1	1	1	1	1	1	1	1	1	1	1	1	1	1	1	1	1	1	1	1	1	1	1	1	1	1	1	1	1	1	1	1
345	58.130638	1	1	1	1	1	1	1	1	1	1	1	1	1	1	1	1	1	1	1	1	1	1	1	1	1	1	1	1	1	0	1	1	1	1	1	1	1	1	1	1	1	1	1	1	1	1	1	1	1	1	1	1	1	1	1	1	1	1	1	1	1	1	1	1	1	1	1	1	1	1	1	1	1	1	1	1	1	1	1	1	1	1	1	1	1	1	1	1	1	1	1	1	1	1	1	1	1
346	2.785189	1	1	1	1	0	1	1	1	1	1	0	1	1	1	1	1	1	1	1	1	1	1	1	0	1	1	1	1	1	0	0	0	1	1	1	0	0	1	1	1	1	1	1	0	1	1	1	1	1	1	1	1	1	1	1	1	1	0	1	1	1	0	1	1	1	1	1	1	1	1	1	1	1	1	1	1	1	1	1	1	1	0	1	1	1	1	1	1	1	0	0	1	1	1	1	1	1
347	.705057	1	1	1	0	0	0	1	1	1	1	0	1	1	1	1	1	1	1	1	1	1	0	1	0	1	1	0	0	1	0	0	0	0	1	1	0	0	1	1	1	1	1	1	0	1	1	1	1	1	0	1	1	1	1	1	1	1	0	0	1	0	0	1	1	1	1	1	1	1	1	1	1	1	1	1	1	1	1	1	1	1	0	1	1	1	0	1	1	1	0	0	1	1	1	1	1	1
348	77.197578	1	1	1	1	1	1	1	1	1	1	1	1	1	1	1	1	1	1	1	1	1	1	1	1	1	1	1	1	1	1	1	1	1	1	1	0	1	1	1	1	1	1	1	1	1	1	1	1	1	1	1	1	1	1	1	1	1	1	1	1	1	1	1	1	1	1	1	1	1	1	1	1	1	1	1	1	1	1	1	1	1	1	1	1	1	1	1	1	1	1	1	1	1	1	1	1	1
349	.008806	1	1	1	1	0	0	1	1	1	1	0	1	1	1	1	1	1	1	1	1	1	1	1	0	1	1	0	1	1	1	0	0	1	1	1	0	0	1	1	1	1	1	1	0	1	1	1	1	1	1	1	1	1	1	1	1	1	0	0	1	1	0	1	1	1	1	1	1	1	1	1	1	1	1	1	1	1	1	1	1	1	0	1	1	1	1	1	1	1	0	0	1	1	1	1	1	1
350	.011987	1	1	1	1	0	0	1	1	1	1	0	1	1	1	1	1	1	1	1	1	1	1	1	0	1	1	0	1	1	1	0	0	1	1	1	0	0	1	1	1	1	1	1	0	1	1	1	1	1	1	1	1	1	1	1	1	1	0	0	1	1	0	1	1	1	1	1	1	1	1	1	1	1	1	1	1	1	1	1	1	1	0	1	1	1	0	1	1	1	0	0	1	1	1	1	1	1
351	1.239538	1	1	1	1	0	0	1	1	1	1	0	1	1	1	1	1	1	1	1	1	1	0	1	0	1	1	0	1	1	1	0	0	1	1	1	0	0	1	1	1	1	1	1	0	1	1	1	1	1	1	1	1	1	1	1	1	1	0	0	1	1	0	1	1	1	1	1	1	1	1	1	1	1	1	1	1	1	1	1	1	1	0	1	1	1	0	1	1	1	0	0	1	1	1	1	1	1
352	57.906666	1	1	1	1	1	1	1	1	1	1	1	1	1	1	1	1	1	1	1	1	1	1	1	1	1	1	1	1	1	1	1	1	1	1	1	1	0	1	1	1	1	1	1	1	1	1	1	1	1	1	1	1	1	1	1	1	1	1	1	1	1	1	1	1	1	1	1	1	1	1	1	1	1	1	1	1	1	1	1	1	1	1	1	1	1	1	1	1	1	1	1	1	1	1	1	1	1
353	.016272	1	1	1	1	0	1	1	1	1	1	0	1	1	1	1	1	1	1	1	1	1	1	1	0	1	1	1	1	1	1	0	0	1	1	1	1	0	1	1	1	1	1	1	0	1	1	1	1	1	1	1	1	1	1	1	1	1	0	1	1	1	0	1	1	1	1	1	1	1	1	1	1	1	1	1	1	1	1	1	1	1	0	1	1	1	1	1	1	1	0	0	1	1	1	1	1	1
354	.01684	1	1	1	1	0	1	1	1	1	1	0	1	1	1	1	1	1	1	1	1	1	1	1	0	1	1	1	1	1	1	0	0	1	1	1	1	0	1	1	1	1	1	1	0	1	1	1	1	1	1	1	1	1	1	1	1	1	0	0	1	1	0	1	1	1	1	1	1	1	1	1	1	1	1	1	1	1	1	1	1	1	0	1	1	1	1	1	1	1	0	0	1	1	1	1	1	1
355	.009283	1	1	1	1	0	0	1	1	1	1	0	1	1	1	1	1	1	1	1	1	1	1	1	0	1	1	0	1	1	1	0	0	1	1	1	1	0	1	1	1	1	1	1	0	1	1	1	1	1	1	1	1	1	1	1	1	1	0	0	1	1	0	1	1	1	1	1	1	1	1	1	1	1	1	1	1	1	1	1	1	1	0	1	1	1	1	1	1	1	0	0	1	1	1	1	1	1
356	.012202	1	1	1	1	0	0	1	1	1	1	0	1	1	1	1	1	1	1	1	1	1	1	1	0	1	1	0	1	1	1	0	0	1	1	1	1	0	1	1	1	1	1	1	0	1	1	1	1	1	1	1	1	1	1	1	1	1	0	0	1	1	0	1	1	1	1	1	1	1	1	1	1	1	1	1	1	1	1	1	1	1	0	1	1	1	0	1	1	1	0	0	1	1	1	1	1	1
357	4.802147	1	1	1	0	0	0	1	1	1	1	0	1	1	1	1	1	1	1	1	1	1	0	1	0	1	1	0	0	1	1	0	0	0	1	1	1	0	1	1	1	1	1	1	0	1	1	1	1	1	0	1	1	1	1	1	1	1	0	0	1	0	0	1	1	1	1	1	1	1	1	0	1	1	1	1	1	1	1	1	1	1	0	1	1	1	0	1	1	1	0	0	1	1	1	1	1	1
358	57.440807	1	1	1	1	1	1	1	1	1	1	1	1	1	1	1	1	1	1	1	1	1	1	1	1	1	1	1	1	1	1	0	1	1	1	1	1	1	1	1	1	1	1	1	1	1	1	1	1	1	1	1	1	1	1	1	1	1	1	1	1	1	1	1	1	1	1	1	1	1	1	1	1	1	1	1	1	1	1	1	1	1	1	1	1	1	1	1	1	1	1	1	1	1	1	1	1	1
359	5.234365	1	1	1	1	1	1	1	1	1	1	1	1	1	1	1	1	1	1	1	1	1	1	1	1	1	1	1	1	1	1	0	1	1	1	1	1	1	1	1	1	1	1	1	1	1	1	1	1	1	1	1	1	1	1	1	1	1	1	1	1	1	1	1	1	1	1	1	1	1	1	1	1	1	1	1	1	1	1	1	1	1	0	1	1	1	1	1	1	1	1	0	1	1	1	1	1	1
360	3.26554	1	1	1	1	0	1	1	1	1	1	0	1	1	1	1	1	1	1	1	1	1	1	1	0	1	1	1	1	1	1	0	0	1	1	1	1	1	1	1	1	1	1	1	0	1	1	1	1	1	1	1	1	1	1	1	1	1	0	1	1	1	0	1	1	1	1	1	1	1	1	1	1	1	1	1	1	1	1	1	1	1	0	1	1	1	1	1	1	1	0	0	1	1	1	1	1	1
361	1.505518	1	1	1	1	0	0	1	1	1	1	0	1	1	1	1	1	1	1	1	1	1	1	1	0	1	1	0	1	1	1	0	0	1	1	1	1	1	1	1	1	1	1	1	0	1	1	1	1	1	1	1	1	1	1	1	1	1	0	0	1	1	0	1	1	1	1	1	1	1	1	1	1	1	1	1	1	1	1	1	1	1	0	1	1	1	1	1	1	1	0	0	1	1	1	1	1	1
362	.011161	1	1	1	1	0	0	1	1	1	1	0	1	1	1	1	1	1	1	1	1	1	1	1	0	1	1	0	1	1	1	0	0	1	1	1	1	1	1	1	1	1	1	1	0	1	1	1	1	1	1	1	1	1	1	1	1	1	0	0	1	1	0	1	1	1	1	1	1	1	1	1	1	1	1	1	1	1	1	1	1	1	0	1	1	1	0	1	1	1	0	0	1	1	1	1	1	1
363	58.717487	1	1	1	1	1	1	1	1	1	1	1	1	1	1	1	1	1	1	1	1	1	1	1	1	1	1	1	1	1	1	1	1	1	1	1	1	1	1	1	1	1	1	1	1	1	1	1	1	1	1	1	1	1	1	1	1	1	1	1	1	1	1	1	1	1	1	1	1	1	1	1	1	1	1	1	1	1	1	1	1	1	1	1	1	1	1	1	1	1	1	0	1	1	1	1	1	1
364	12.197765	1	1	1	1	1	1	1	1	1	1	1	1	1	1	1	1	1	1	1	1	1	1	1	1	1	1	1	1	1	1	1	1	1	1	1	1	1	1	1	1	1	1	1	1	1	1	1	1	1	1	1	1	1	1	1	1	1	1	1	1	1	1	1	1	1	1	1	1	1	1	1	1	1	1	1	1	1	1	1	1	1	0	1	1	1	1	1	1	1	1	0	1	1	1	1	1	1
365	9.574613	1	1	1	1	1	1	1	1	1	1	1	1	1	1	1	1	1	1	1	1	1	1	1	0	1	1	1	1	1	1	1	1	1	1	1	1	1	1	1	1	1	1	1	1	1	1	1	1	1	1	1	1	1	1	1	1	1	1	1	1	1	1	1	1	1	1	1	1	1	1	1	1	1	1	1	1	1	1	1	1	1	0	1	1	1	1	1	1	1	1	0	1	1	1	1	1	1
366	.721327	1	1	1	1	1	1	1	1	1	1	1	1	1	1	1	1	1	1	1	1	1	1	1	0	1	1	1	1	1	1	1	1	1	1	1	1	1	1	1	1	1	1	1	1	1	1	1	1	1	1	1	1	1	1	1	1	1	1	1	1	1	0	1	1	1	1	1	1	1	1	1	1	1	1	1	1	1	1	1	1	1	0	1	1	1	1	1	1	1	0	0	1	1	1	1	1	1
367	42.373787	1	1	1	1	1	1	1	1	1	1	1	1	1	1	1	1	1	1	1	1	1	1	1	1	1	1	1	1	1	1	1	1	1	1	1	1	1	1	1	1	1	1	1	1	1	1	1	1	1	1	1	1	1	1	1	1	1	1	1	1	1	1	1	1	1	1	1	1	1	1	1	1	1	1	1	1	1	1	1	1	1	0	1	1	1	1	1	1	1	1	1	1	1	1	1	1	1
368	3.622254	1	1	1	1	0	1	1	1	1	1	0	1	1	1	1	1	1	1	1	1	1	1	1	0	1	1	1	1	1	1	1	0	1	1	1	1	1	1	1	1	1	1	1	1	1	1	1	1	1	1	1	1	1	1	1	1	1	1	1	1	1	0	1	1	1	1	1	1	1	1	1	1	1	1	1	1	1	1	1	1	1	0	1	1	1	1	1	1	1	0	1	1	1	1	1	1	1
369	.018573	1	1	1	1	0	1	1	1	1	1	0	1	1	1	1	1	1	1	1	1	1	1	1	0	1	1	1	1	1	1	1	0	1	1	1	1	1	1	1	1	1	1	1	0	1	1	1	1	1	1	1	1	1	1	1	1	1	0	1	1	1	0	1	1	1	1	1	1	1	1	1	1	1	1	1	1	1	1	1	1	1	0	1	1	1	1	1	1	1	0	1	1	1	1	1	1	1
370	.01736	1	1	1	1	0	1	1	1	1	1	0	1	1	1	1	1	1	1	1	1	1	1	1	0	1	1	1	1	1	1	1	0	1	1	1	1	1	1	1	1	1	1	1	0	1	1	1	1	1	1	1	1	1	1	1	1	1	0	0	1	1	0	1	1	1	1	1	1	1	1	1	1	1	1	1	1	1	1	1	1	1	0	1	1	1	1	1	1	1	0	1	1	1	1	1	1	1
371	.015016	1	1	1	1	0	0	1	1	1	1	0	1	1	1	1	1	1	1	1	1	1	1	1	0	1	1	0	1	1	1	1	0	1	1	1	1	1	1	1	1	1	1	1	0	1	1	1	1	1	1	1	1	1	1	1	1	1	0	0	1	1	0	1	1	1	1	1	1	1	1	1	1	1	1	1	1	1	1	1	1	1	0	1	1	1	0	1	1	1	0	1	1	1	1	1	1	1
372	.016701	1	1	1	1	0	0	1	1	1	1	0	1	1	1	1	1	1	1	1	1	1	0	1	0	1	1	0	1	1	1	1	0	1	1	1	1	1	1	1	1	1	1	1	0	1	1	1	1	1	1	1	1	1	1	1	1	1	0	0	1	1	0	1	1	1	1	1	1	1	1	1	1	1	1	1	1	1	1	1	1	1	0	1	1	1	0	1	1	1	0	1	1	1	1	1	1	1
373	2.291863	1	1	1	1	0	0	1	1	1	1	0	1	1	1	1	1	1	1	1	1	1	0	1	0	1	1	0	1	1	1	1	0	0	1	1	1	1	1	1	1	1	1	1	0	1	1	1	1	1	1	1	1	1	1	1	1	1	0	0	1	1	0	1	1	1	1	1	1	1	1	1	1	1	1	1	1	1	1	1	1	1	0	1	1	1	0	1	1	1	0	1	1	1	1	1	1	1
374	5.220536	1	1	1	0	0	0	1	1	1	1	0	1	1	1	1	1	1	1	1	1	1	0	1	0	1	1	0	0	1	1	1	0	0	1	1	1	1	1	1	1	1	1	1	0	1	1	1	1	1	1	1	1	1	1	1	1	1	0	0	1	0	0	1	1	1	1	1	1	1	1	1	1	1	1	1	1	1	1	1	1	1	0	1	1	1	0	1	1	1	0	1	1	1	1	1	1	1
375	40.016846	1	1	1	1	1	1	1	1	1	1	1	1	1	1	1	1	1	1	1	1	1	1	1	0	1	1	1	1	1	1	1	1	1	1	1	1	1	1	1	1	1	1	1	1	1	1	1	1	1	1	1	1	1	1	1	1	1	1	1	1	1	1	1	1	1	1	1	1	1	1	1	1	1	1	1	1	1	1	1	1	1	1	1	1	1	1	1	1	1	1	1	1	1	1	1	1	1
376	2.301846	1	1	1	1	1	1	1	1	1	1	1	1	1	1	1	1	1	1	1	1	1	1	1	0	1	1	1	1	1	1	1	1	1	1	1	1	1	1	1	1	1	1	1	1	1	1	1	1	1	1	1	1	1	1	1	1	1	1	1	1	1	1	1	1	1	1	1	1	1	1	1	1	1	1	1	1	1	1	1	1	1	1	1	1	1	1	1	1	1	0	1	1	1	1	1	1	1
377	38.88007	1	1	1	1	1	1	1	1	1	1	1	1	1	1	1	1	1	1	1	1	1	1	1	1	1	1	1	1	1	1	1	1	1	1	1	1	1	1	1	1	1	1	1	1	1	1	1	1	1	1	1	1	1	1	1	1	1	1	1	1	1	1	1	1	1	1	1	1	1	1	1	1	1	1	1	1	1	1	1	1	1	1	1	1	1	1	1	1	1	0	1	1	1	1	1	1	1
378	5.869324	1	1	1	1	1	1	1	1	1	1	1	1	1	1	1	1	1	1	1	1	1	1	1	1	1	1	1	1	1	1	1	0	1	1	1	1	1	1	1	1	1	1	1	1	1	1	1	1	1	1	1	1	1	1	1	1	1	1	1	1	1	0	1	1	1	1	1	1	1	1	1	1	1	1	1	1	1	1	1	1	1	1	1	1	1	1	1	1	1	0	1	1	1	1	1	1	1
379	2.128515	1	1	1	1	0	1	1	1	1	1	0	1	1	1	1	1	1	1	1	1	1	1	1	1	1	1	1	1	1	1	1	0	1	1	1	1	1	1	1	1	1	1	1	1	1	1	1	1	1	1	1	1	1	1	1	1	1	1	1	1	1	0	1	1	1	1	1	1	1	1	1	1	1	1	1	1	1	1	1	1	1	1	1	1	1	1	1	1	1	0	1	1	1	1	1	1	1
380	50.751339	1	1	1	1	1	1	1	1	1	1	1	1	1	1	1	1	1	1	1	1	1	1	1	1	1	1	1	1	1	1	1	1	1	1	1	1	1	1	1	1	1	1	1	1	1	1	1	1	1	1	1	1	1	1	1	1	1	1	1	1	1	0	1	1	1	1	1	1	1	1	1	1	1	1	1	1	1	1	1	1	1	1	1	1	1	1	1	1	1	1	1	1	1	1	1	1	1
381	3.614298	1	1	1	1	0	1	1	1	1	1	0	1	1	1	1	1	1	1	1	1	1	1	1	1	1	1	1	1	1	1	1	0	1	1	1	1	1	1	1	1	1	1	1	0	1	1	1	1	1	1	1	1	1	1	1	1	1	0	1	1	1	0	1	1	1	1	1	1	1	1	1	1	1	1	1	1	1	1	1	1	1	1	1	1	1	1	1	1	1	1	1	1	1	1	1	1	1
382	39.308846	1	1	1	1	1	1	1	1	1	1	1	1	1	1	1	1	1	1	1	1	1	1	1	1	1	1	1	1	1	1	1	0	1	1	1	1	1	1	1	1	1	1	1	1	1	1	1	1	1	1	1	1	1	1	1	1	1	1	1	1	1	1	1	1	1	1	1	1	1	1	1	1	1	1	1	1	1	1	1	1	1	1	1	1	1	1	1	1	1	1	1	1	1	1	1	1	1
383	1.162416	1	1	1	1	0	1	1	1	1	1	0	1	1	1	1	1	1	1	1	1	1	1	1	1	1	1	1	1	1	1	1	0	1	1	1	1	1	1	1	1	1	1	1	1	1	1	1	1	1	1	1	1	1	1	1	1	1	1	1	1	1	1	1	1	1	1	1	1	1	1	1	1	1	1	1	1	1	1	1	1	1	1	1	1	1	1	1	1	1	1	1	1	1	1	1	1	1
384	43.251255	1	1	1	1	0	1	1	1	1	1	1	1	1	1	1	1	1	1	1	1	1	1	1	1	1	1	1	1	1	1	1	1	1	1	1	1	1	1	1	1	1	1	1	1	1	1	1	1	1	1	1	1	1	1	1	1	1	1	1	1	1	1	1	1	1	1	1	1	1	1	1	1	1	1	1	1	1	1	1	1	1	1	1	1	1	1	1	1	1	1	1	1	1	1	1	1	1
385	1.643591	1	1	1	1	0	1	1	1	1	1	0	1	1	1	1	1	1	1	1	1	1	1	1	1	1	1	1	1	1	1	1	1	1	1	1	1	1	1	1	1	1	1	1	1	1	1	1	1	1	1	1	1	1	1	1	1	1	0	1	1	1	1	1	1	1	1	1	1	1	1	1	1	1	1	1	1	1	1	1	1	1	1	1	1	1	1	1	1	1	1	1	1	1	1	1	1	1
386	5.927101	1	1	1	1	0	1	1	1	1	1	0	1	1	1	1	1	1	1	1	1	1	1	1	1	1	1	1	1	1	1	1	1	1	1	1	1	1	1	1	1	1	1	1	0	1	1	1	1	1	1	1	1	1	1	1	1	1	0	0	1	1	1	1	1	1	1	1	1	1	1	1	1	1	1	1	1	1	1	1	1	1	1	1	1	1	1	1	1	1	1	1	1	1	1	1	1	1
387	33.890507	1	1	1	1	1	1	1	1	1	1	0	1	1	1	1	1	1	1	1	1	1	1	1	1	1	1	1	1	1	1	1	1	1	1	1	1	1	1	1	1	1	1	1	1	1	1	1	1	1	1	1	1	1	1	1	1	1	1	1	1	1	1	1	1	1	1	1	1	1	1	1	1	1	1	1	1	1	1	1	1	1	1	1	1	1	1	1	1	1	1	1	1	1	1	1	1	1
388	5.635837	1	1	1	1	1	1	1	1	1	1	0	1	1	1	1	1	1	1	1	1	1	1	1	1	1	1	1	1	1	1	1	1	1	1	1	1	1	1	1	1	1	1	1	0	1	1	1	1	1	1	1	1	1	1	1	1	1	0	1	1	1	1	1	1	1	1	1	1	1	1	1	1	1	1	1	1	1	1	1	1	1	1	1	1	1	1	1	1	1	1	1	1	1	1	1	1	1
389	44.704227	1	1	1	1	1	1	1	1	1	1	1	1	1	1	1	1	1	1	1	1	1	1	1	1	1	1	1	1	1	1	1	1	1	1	1	1	1	1	1	1	1	1	1	1	1	1	1	1	1	1	1	1	1	1	1	1	1	0	1	1	1	1	1	1	1	1	1	1	1	1	1	1	1	1	1	1	1	1	1	1	1	1	1	1	1	1	1	1	1	1	1	1	1	1	1	1	1
390	43.172131	1	1	1	1	1	1	1	1	1	1	1	1	1	1	1	1	1	1	1	1	1	1	1	1	1	1	1	1	1	1	1	1	1	1	1	1	1	1	1	1	1	1	1	0	1	1	1	1	1	1	1	1	1	1	1	1	1	1	1	1	1	1	1	1	1	1	1	1	1	1	1	1	1	1	1	1	1	1	1	1	1	1	1	1	1	1	1	1	1	1	1	1	1	1	1	1	1
391	47.593689	1	1	1	1	1	1	1	1	1	1	1	1	1	1	1	1	1	1	1	1	1	1	1	1	1	1	1	1	1	1	1	1	1	1	1	1	1	1	1	1	1	1	1	1	1	1	1	1	1	1	1	1	1	1	1	1	1	1	0	1	1	1	1	1	1	1	1	1	1	1	1	1	1	1	1	1	1	1	1	1	1	1	1	1	1	1	1	1	1	1	1	1	1	1	1	1	1
392	66.842499	1	1	1	1	1	0	1	1	1	1	1	1	1	1	1	1	1	1	1	1	1	1	1	1	1	1	1	1	1	1	1	1	1	1	1	1	1	1	1	1	1	1	1	1	1	1	1	1	1	1	1	1	1	1	1	1	1	1	1	1	1	1	1	1	1	1	1	1	1	1	1	1	1	1	1	1	1	1	1	1	1	1	1	1	1	1	1	1	1	1	1	1	1	1	1	1	1
393	52.501945	1	1	1	1	1	1	1	1	1	1	1	1	1	1	1	1	1	1	1	1	1	1	1	1	1	1	0	1	1	1	1	1	1	1	1	1	1	1	1	1	1	1	1	1	1	1	1	1	1	1	1	1	1	1	1	1	1	1	1	1	1	1	1	1	1	1	1	1	1	1	1	1	1	1	1	1	1	1	1	1	1	1	1	1	1	1	1	1	1	1	1	1	1	1	1	1	1
394	26.687729	1	1	1	1	1	1	1	1	1	1	1	1	1	1	1	1	1	1	1	1	1	1	1	1	1	1	0	1	1	1	1	1	1	1	1	1	1	1	1	1	1	1	1	1	1	1	1	1	1	1	1	1	1	1	1	1	1	1	1	1	1	1	1	1	1	1	1	1	1	1	1	1	1	1	1	1	1	1	1	1	1	1	1	1	1	0	1	1	1	1	1	1	1	1	1	1	1
395	40.979836	1	1	1	1	1	1	1	1	1	1	1	1	1	1	1	1	1	1	1	1	1	1	1	1	1	1	1	1	1	1	1	1	1	1	1	1	1	1	1	1	1	1	1	1	1	1	1	1	1	1	1	1	1	1	1	1	1	1	1	1	1	1	1	1	1	1	1	1	1	1	1	1	1	1	1	1	1	1	1	1	1	1	1	1	1	0	1	1	1	1	1	1	1	1	1	1	1
396	1.124978	1	1	1	1	1	1	1	1	1	1	1	1	1	1	1	1	1	1	1	1	1	0	1	1	1	1	1	1	1	1	1	1	1	1	1	1	1	1	1	1	1	1	1	1	1	1	1	1	1	1	1	1	1	1	1	1	1	1	1	1	1	1	1	1	1	1	1	1	1	1	1	1	1	1	1	1	1	1	1	1	1	1	1	1	1	0	1	1	1	1	1	1	1	1	1	1	1
397	51.804848	1	1	1	1	1	1	1	1	1	1	1	1	1	1	1	1	1	1	1	1	1	0	1	1	1	1	1	1	1	1	1	1	1	1	1	1	1	1	1	1	1	1	1	1	1	1	1	1	1	1	1	1	1	1	1	1	1	1	1	1	1	1	1	1	1	1	1	1	1	1	1	1	1	1	1	1	1	1	1	1	1	1	1	1	1	1	1	1	1	1	1	1	1	1	1	1	1
398	6.659263	1	1	1	1	1	1	1	1	1	1	1	1	1	1	1	1	1	1	1	1	1	0	1	1	1	1	1	1	1	1	1	1	0	1	1	1	1	1	1	1	1	1	1	1	1	1	1	1	1	1	1	1	1	1	1	1	1	1	1	1	1	1	1	1	1	1	1	1	1	1	1	1	1	1	1	1	1	1	1	1	1	1	1	1	1	1	1	1	1	1	1	1	1	1	1	1	1
399	49.247013	1	1	1	1	1	1	1	1	1	1	1	1	1	1	1	1	1	1	1	1	1	1	1	1	1	1	1	1	1	1	1	1	0	1	1	1	1	1	1	1	1	1	1	1	1	1	1	1	1	1	1	1	1	1	1	1	1	1	1	1	1	1	1	1	1	1	1	1	1	1	1	1	1	1	1	1	1	1	1	1	1	1	1	1	1	1	1	1	1	1	1	1	1	1	1	1	1
400	63.89381	1	1	1	1	1	1	1	1	1	1	1	1	1	1	1	1	1	1	1	1	1	1	1	1	1	1	1	1	1	1	1	1	1	1	1	1	1	1	1	1	1	1	1	1	1	1	1	1	1	1	1	1	1	1	1	1	1	1	1	1	0	1	1	1	1	1	1	1	1	1	1	1	1	1	1	1	1	1	1	1	1	1	1	1	1	1	1	1	1	1	1	1	1	1	1	1	1
401	41.797077	1	1	1	0	1	1	1	1	1	1	1	1	1	1	1	1	1	1	1	1	1	1	1	1	1	1	1	1	1	1	1	1	1	1	1	1	1	1	1	1	1	1	1	1	1	1	1	1	1	1	1	1	1	1	1	1	1	1	1	1	1	1	1	1	1	1	1	1	1	1	1	1	1	1	1	1	1	1	1	1	1	1	1	1	1	1	1	1	1	1	1	1	1	1	1	1	1
402	22.628561	1	1	1	0	1	1	1	1	1	1	1	1	1	1	1	1	1	1	1	1	1	1	1	1	1	1	1	0	1	1	1	1	1	1	1	1	1	1	1	1	1	1	1	1	1	1	1	1	1	1	1	1	1	1	1	1	1	1	1	1	1	1	1	1	1	1	1	1	1	1	1	1	1	1	1	1	1	1	1	1	1	1	1	1	1	1	1	1	1	1	1	1	1	1	1	1	1
403	1.813791	1	1	1	0	1	1	1	1	1	1	1	1	1	1	1	1	1	1	1	1	1	1	1	1	1	1	1	0	1	1	1	1	1	1	1	1	1	1	1	1	1	1	1	1	1	1	1	1	1	0	1	1	1	1	1	1	1	1	1	1	1	1	1	1	1	1	1	1	1	1	0	1	1	1	1	1	1	1	1	1	1	1	1	1	1	1	1	1	1	1	1	1	1	1	1	1	1
404	42.119907	1	1	1	1	1	1	1	1	1	1	1	1	1	1	1	1	1	1	1	1	1	1	1	1	1	1	1	0	1	1	1	1	1	1	1	1	1	1	1	1	1	1	1	1	1	1	1	1	1	1	1	1	1	1	1	1	1	1	1	1	1	1	1	1	1	1	1	1	1	1	1	1	1	1	1	1	1	1	1	1	1	1	1	1	1	1	1	1	1	1	1	1	1	1	1	1	1
405	6.28065	1	1	1	1	1	1	1	1	1	1	1	1	1	1	1	1	1	1	1	1	1	1	1	1	1	1	1	0	1	1	1	1	1	1	1	1	1	1	1	1	1	1	1	1	1	1	1	1	1	0	1	1	1	1	1	1	1	1	1	1	1	1	1	1	1	1	1	1	1	1	1	1	1	1	1	1	1	1	1	1	1	1	1	1	1	1	1	1	1	1	1	1	1	1	1	1	1
406	34.130428	1	1	1	1	1	1	1	1	1	1	1	1	1	1	1	1	1	1	1	1	1	1	1	1	1	1	1	1	1	1	1	1	1	1	1	1	1	1	1	1	1	1	1	1	1	1	1	1	1	0	1	1	1	1	1	1	1	1	1	1	1	1	1	1	1	1	1	1	1	1	1	1	1	1	1	1	1	1	1	1	1	1	1	1	1	1	1	1	1	1	1	1	1	1	1	1	1
407	27.426468	1	1	1	1	1	1	1	1	1	1	1	1	1	1	1	1	1	1	1	1	1	1	1	1	1	1	1	1	1	1	1	1	1	1	1	1	1	1	1	1	1	1	1	1	1	1	1	1	1	0	1	1	1	1	1	1	1	1	1	1	1	1	1	1	1	1	1	1	1	1	0	1	1	1	1	1	1	1	1	1	1	1	1	1	1	1	1	1	1	1	1	1	1	1	1	1	1
408	40.897671	1	1	1	1	1	1	1	1	1	1	1	1	1	1	1	1	1	1	1	1	1	1	1	1	1	1	1	1	1	1	1	1	1	1	1	1	1	1	1	1	1	1	1	1	1	1	1	1	1	1	1	1	1	1	1	1	1	1	1	1	1	1	1	1	1	1	1	1	1	1	0	1	1	1	1	1	1	1	1	1	1	1	1	1	1	1	1	1	1	1	1	1	1	1	1	1	1
409	78.930199	1	1	1	1	1	1	1	1	1	1	1	1	1	1	1	0	1	1	1	1	1	1	1	1	1	1	1	1	1	1	1	1	1	1	1	1	1	1	1	1	1	1	1	1	1	1	1	1	1	1	1	1	1	1	1	1	1	1	1	1	1	1	1	1	1	1	1	1	1	1	1	1	1	1	1	1	1	1	1	1	1	1	1	1	1	1	1	1	1	1	1	1	1	1	1	1	1

