Splits	Weights	COCHRAN_W_Rep	GRASSLEY_C_Rep	HARKIN_T_Dem	LEAHY_P_Dem	MIKULSKI_B_Dem	HATCH_O_Rep	NELSON_C_Dem	LEVIN_C_Dem	COATS_D_Rep	ROBERTS_C_Rep	SCHUMER_C_Dem	WYDEN_R_Dem	McCONNELL_A_Rep	ROCKEFELLER_J_Dem	BOXER_B_Dem	CARPER_T_Dem	DURBIN_R_Dem	McCAIN_J_Rep	REID_H_Dem	CARDIN_B_Dem	INHOFE_J_Rep	JOHNSON_T_Dem	FLAKE_J_Rep	BOOZMAN_J_Rep	KIRK_M_Rep	MURPHY_C_Dem	HIRONO_M_Dem	DONNELLY_J_Dem	HELLER_D_Rep	GILLIBRAND_K_Dem	HEINRICH_M_Dem	SCOTT_T_Rep	REED_J_Dem	SANDERS_B_Ind	CRAPO_M_Rep	MENENDEZ_R_Dem	PORTMAN_R_Rep	BROWN_S_Dem	CHAMBLISS_S_Rep	WICKER_R_Rep	BURR_R_Rep	COBURN_T_Rep	GRAHAM_L_Rep	MORAN_J_Rep	STABENOW_D_Dem	BLUNT_R_Rep	THUNE_J_Rep	UDALL_M_Dem	ISAKSON_J_Rep	VITTER_D_Rep	UDALL_T_Dem	TOOMEY_P_Rep	BALDWIN_T_Dem	CANTWELL_M_Dem	MURKOWSKI_L_Rep	PRYOR_M_Dem	ALEXANDER_L_Rep	CORNYN_J_Rep	KLOBUCHAR_A_Dem	McCASKILL_C_Dem	TESTER_J_Dem	CASEY_R_Dem	WHITEHOUSE_S_Dem	CORKER_R_Rep	BARRASSO_J_Rep	BEGICH_M_Dem	RISCH_J_Rep	FRANKEN_A_Dem	JOHANNS_M_Rep	SHAHEEN_J_Dem	HAGAN_K_Dem	MERKLEY_J_Dem	WARNER_M_Dem	BENNET_M_Dem	MANCHIN_J_Dem	COONS_C_Dem	BLUMENTHAL_R_Dem	RUBIO_M_Rep	PAUL_R_Rep	AYOTTE_K_Rep	HOEVEN_J_Rep	LEE_M_Rep	JOHNSON_R_Rep	SCHATZ_B_Dem	KING_A_Ind	WARREN_E_Dem	FISCHER_D_Rep	HEITKAMP_M_Dem	CRUZ_R_Rep	KAINE_T_Dem	FEINSTEIN_D_Dem	MURRAY_P_Dem	SESSIONS_J_Rep	LANDRIEU_M_Dem	COLLINS_S_Rep	ENZI_M_Rep	SHELBY_R_Rep	OBAMA_B_Dem
1	29.458105	1	1	1	1	1	1	1	1	1	1	1	1	1	1	1	1	1	1	1	1	1	1	1	1	1	1	1	1	1	1	1	1	1	1	1	1	1	1	1	1	1	1	1	1	1	1	1	1	0	1	1	1	1	1	1	1	1	1	1	1	1	1	1	1	1	1	1	1	1	1	1	1	1	1	1	1	1	1	1	1	1	1	1	1	1	1	1	1	1	1	1	1	1	1	1	1	1	1
2	1.55632	1	1	1	1	1	1	1	1	1	1	1	1	1	1	1	1	1	1	1	1	1	1	1	1	1	1	1	1	1	1	1	1	1	1	1	1	1	1	0	1	1	1	1	1	1	1	1	1	0	1	1	1	1	1	1	1	1	1	1	1	1	1	1	1	1	1	1	1	1	1	1	1	1	1	1	1	1	1	1	1	1	1	1	1	1	1	1	1	1	1	1	1	1	1	1	1	1	1
3	45.190647	1	0	0	0	0	0	0	0	0	0	0	0	0	0	0	0	0	0	0	0	0	0	0	0	0	0	0	0	0	0	0	0	0	0	0	0	0	0	0	0	0	0	0	0	0	0	0	0	0	0	0	0	0	0	0	0	0	0	0	0	0	0	0	0	0	0	0	0	0	0	0	0	0	0	0	0	0	0	0	0	0	0	0	0	0	0	0	0	0	0	0	0	0	0	0	0	0	0
4	36.239342	1	1	1	1	1	1	1	1	1	1	1	1	1	1	1	1	1	1	1	1	1	1	1	1	1	1	1	1	1	1	1	1	1	1	1	1	1	1	0	1	1	1	1	1	1	1	1	1	1	1	1	1	1	1	1	1	1	1	1	1	1	1	1	1	1	1	1	1	1	1	1	1	1	1	1	1	1	1	1	1	1	1	1	1	1	1	1	1	1	1	1	1	1	1	1	1	1	1
5	2.636256	1	1	0	0	0	1	0	0	1	1	0	0	1	0	0	0	0	1	0	0	1	0	1	1	1	0	0	0	1	0	0	1	0	0	1	0	1	0	0	1	1	1	1	1	0	1	1	0	1	1	0	1	0	0	0	0	1	1	0	0	0	0	0	1	1	0	1	0	1	0	0	0	0	0	1	0	0	1	1	1	1	1	1	0	0	0	1	0	1	0	0	0	1	0	1	1	1	0
6	5.865004	1	1	0	0	0	1	0	0	1	1	0	0	1	0	0	0	0	1	0	0	1	0	1	1	1	0	0	0	1	0	0	1	0	0	1	0	1	0	0	1	1	1	1	1	0	1	1	0	1	1	0	1	0	0	0	0	1	1	0	0	0	0	0	1	1	0	1	0	1	0	0	0	0	0	0	0	0	1	1	1	1	1	1	0	0	0	1	0	1	0	0	0	1	0	1	1	1	0
7	25.716476	1	1	1	1	1	1	1	1	1	1	1	1	1	1	1	1	1	1	1	1	1	1	1	1	1	1	1	1	1	1	1	1	1	1	1	1	1	1	1	1	1	1	1	1	1	1	1	1	1	1	1	1	1	1	0	1	1	1	1	1	1	1	1	1	1	1	1	1	1	1	1	1	1	1	1	1	1	1	1	1	1	1	1	1	1	1	1	1	1	1	1	1	1	1	1	1	1	1
8	.553159	1	1	0	0	0	1	0	0	1	1	0	0	1	0	0	1	0	1	0	0	1	0	1	1	1	0	0	1	1	0	0	1	0	0	1	0	1	0	1	1	1	1	1	1	0	1	1	0	1	1	0	1	0	0	0	1	1	1	0	0	1	1	0	1	1	0	1	0	1	0	0	0	1	0	1	0	0	1	1	1	1	1	1	0	0	0	1	1	1	1	0	0	1	0	1	1	1	0
9	2.632792	1	1	0	0	0	1	0	0	1	1	0	0	1	0	0	0	0	1	0	0	1	0	1	1	1	0	0	1	1	0	0	1	0	0	1	0	1	0	1	1	1	1	1	1	0	1	1	0	1	1	0	1	0	0	0	1	1	1	0	0	1	0	0	1	1	0	1	0	1	0	0	0	1	0	1	0	0	1	1	1	1	1	1	0	0	0	1	1	1	0	0	0	1	0	1	1	1	0
10	12.622488	1	1	0	0	0	1	0	0	1	1	0	0	1	0	0	0	0	1	0	0	1	0	1	1	1	0	0	0	1	0	0	1	0	0	1	0	1	0	1	1	1	1	1	1	0	1	1	0	1	1	0	1	0	0	0	1	1	1	0	0	0	0	0	1	1	0	1	0	1	0	0	0	0	0	1	0	0	1	1	1	1	1	1	0	0	0	1	0	1	0	0	0	1	0	1	1	1	0
11	80.659958	1	1	0	0	0	1	0	0	1	1	0	0	1	0	0	0	0	1	0	0	1	0	1	1	1	0	0	0	1	0	0	1	0	0	1	0	1	0	1	1	1	1	1	1	0	1	1	0	1	1	0	1	0	0	0	0	1	1	0	0	0	0	0	1	1	0	1	0	1	0	0	0	0	0	0	0	0	1	1	1	1	1	1	0	0	0	1	0	1	0	0	0	1	0	0	1	1	0
12	14.661456	1	1	0	0	0	1	0	0	1	1	0	0	1	0	0	0	0	1	0	0	1	0	1	1	0	0	0	0	1	0	0	1	0	0	1	0	1	0	1	1	1	1	1	1	0	1	1	0	1	1	0	1	0	0	0	0	1	1	0	0	0	0	0	1	1	0	1	0	1	0	0	0	0	0	0	0	0	1	1	0	1	1	1	0	0	0	1	0	1	0	0	0	1	0	0	1	1	0
13	1.353085	1	1	0	0	0	0	0	0	1	1	0	0	1	0	0	0	0	1	0	0	1	0	0	1	0	0	0	0	1	0	0	1	0	0	1	0	1	0	1	1	1	1	1	1	0	1	1	0	1	1	0	1	0	0	0	0	1	1	0	0	0	0	0	1	1	0	1	0	1	0	0	0	0	0	0	0	0	1	1	0	1	1	1	0	0	0	1	0	1	0	0	0	1	0	0	1	1	0
14	.01392	1	1	0	0	0	0	0	0	1	1	0	0	1	0	0	0	0	0	0	0	1	0	0	1	0	0	0	0	1	0	0	1	0	0	1	0	1	0	1	1	1	1	1	1	0	1	1	0	1	1	0	1	0	0	0	0	1	1	0	0	0	0	0	1	1	0	1	0	1	0	0	0	0	0	0	0	0	1	1	0	1	1	1	0	0	0	1	0	1	0	0	0	1	0	0	1	1	0
15	6.1444	1	1	0	0	0	0	0	0	1	1	0	0	1	0	0	0	0	0	0	0	1	0	0	1	0	0	0	0	0	0	0	1	0	0	1	0	1	0	1	1	1	1	1	1	0	1	1	0	1	1	0	1	0	0	0	0	1	1	0	0	0	0	0	1	1	0	1	0	1	0	0	0	0	0	0	0	0	1	1	0	1	1	1	0	0	0	1	0	1	0	0	0	1	0	0	1	1	0
16	3.612729	1	1	0	0	0	0	0	0	1	1	0	0	1	0	0	0	0	0	0	0	1	0	0	1	0	0	0	0	0	0	0	1	0	0	1	0	1	0	1	0	1	1	1	1	0	1	1	0	1	1	0	1	0	0	0	0	1	1	0	0	0	0	0	1	1	0	1	0	1	0	0	0	0	0	0	0	0	1	1	0	1	1	1	0	0	0	1	0	1	0	0	0	1	0	0	1	1	0
17	3.526976	1	1	0	0	0	0	0	0	1	1	0	0	1	0	0	0	0	0	0	0	1	0	0	1	0	0	0	0	0	0	0	1	0	0	1	0	1	0	1	0	1	1	1	1	0	0	1	0	1	1	0	1	0	0	0	0	1	1	0	0	0	0	0	1	1	0	1	0	1	0	0	0	0	0	0	0	0	1	1	0	1	1	1	0	0	0	1	0	1	0	0	0	1	0	0	1	1	0
18	1.556791	1	1	0	0	0	0	0	0	0	1	0	0	1	0	0	0	0	0	0	0	1	0	0	0	0	0	0	0	0	0	0	1	0	0	1	0	1	0	1	0	0	1	1	0	0	0	1	0	1	0	0	1	0	0	0	0	1	1	0	0	0	0	0	1	1	0	1	0	0	0	0	0	0	0	0	0	0	0	1	0	0	1	1	0	0	0	1	0	1	0	0	0	1	0	0	1	1	0
19	53.172215	1	1	1	1	1	1	1	1	1	1	1	1	1	1	1	1	1	1	1	1	1	1	1	1	1	1	1	1	1	1	1	1	1	1	1	1	1	1	1	1	1	1	1	1	1	1	1	1	1	1	1	1	1	1	1	1	1	1	1	1	1	1	1	1	1	1	1	1	1	1	1	1	1	1	1	1	1	1	1	1	1	1	1	1	1	1	1	1	1	1	1	1	1	1	1	1	1	0
20	1.679522	1	1	0	0	0	1	0	0	1	1	0	0	1	0	0	0	0	1	0	0	1	0	1	1	1	0	0	1	1	0	0	1	0	0	1	0	1	0	1	1	1	1	1	1	0	1	1	0	1	1	0	1	0	0	1	1	1	1	0	0	1	0	0	1	1	0	1	0	1	0	0	0	1	0	1	0	0	1	1	1	1	1	1	0	0	0	1	1	1	0	0	0	1	0	1	1	1	0
21	1.49931	1	1	0	0	0	1	0	0	1	1	0	0	1	0	0	0	0	1	0	0	1	0	1	1	1	0	0	1	1	0	0	1	0	0	1	0	1	0	1	1	1	1	1	1	0	1	1	0	1	1	0	1	0	0	1	1	1	1	0	0	1	0	0	1	1	0	1	0	1	0	0	0	0	0	1	0	0	1	1	1	1	1	1	0	0	0	1	1	1	0	0	0	1	0	1	1	1	0
22	2.670067	1	1	0	0	0	1	0	0	1	1	0	0	1	0	0	0	0	1	0	0	1	0	1	1	1	0	0	1	1	0	0	1	0	0	1	0	1	0	1	1	1	1	1	1	0	1	1	0	1	1	0	1	0	0	1	1	1	1	0	0	0	0	0	1	1	0	1	0	1	0	0	0	0	0	1	0	0	1	1	1	1	1	1	0	0	0	1	1	1	0	0	0	1	0	1	1	1	0
23	2.319165	1	1	0	0	0	1	0	0	1	1	0	0	1	0	0	0	0	1	0	0	1	0	1	1	1	0	0	0	1	0	0	1	0	0	1	0	1	0	1	1	1	1	1	1	0	1	1	0	1	1	0	1	0	0	1	0	1	1	0	0	0	0	0	1	1	0	1	0	1	0	0	0	0	0	1	0	0	1	1	1	1	1	1	0	0	0	1	0	1	0	0	0	1	0	1	1	1	0
24	44.24733	1	1	0	0	0	1	0	0	1	1	0	0	1	0	0	0	0	1	0	0	1	0	1	1	1	0	0	0	1	0	0	1	0	0	1	0	1	0	1	1	1	1	1	1	0	1	1	0	1	1	0	1	0	0	1	0	1	1	0	0	0	0	0	1	1	0	1	0	1	0	0	0	0	0	0	0	0	1	1	1	1	1	1	0	0	0	1	0	1	0	0	0	1	0	1	1	1	0
25	25.682478	1	1	1	1	1	1	1	1	1	1	1	1	1	1	1	1	1	1	1	1	1	1	1	1	1	1	1	1	1	1	1	1	1	1	1	1	1	1	1	1	1	1	1	1	1	1	1	1	1	1	1	1	1	1	1	1	1	1	1	1	1	1	1	1	1	1	1	1	1	1	1	1	1	1	1	1	1	1	1	1	1	1	1	1	1	1	1	1	1	1	1	1	1	0	1	1	1	1
26	.904383	1	1	0	0	0	1	0	0	1	1	0	0	1	0	0	0	0	1	0	0	1	0	1	1	1	0	0	1	1	0	0	1	0	0	1	0	1	0	1	1	1	1	1	1	0	1	1	0	1	1	0	1	0	0	1	1	1	1	0	0	1	0	0	1	1	0	1	0	1	0	0	0	0	0	1	0	0	1	1	1	1	1	1	0	0	0	1	1	1	0	0	0	1	0	1	1	1	1
27	2.357712	1	1	0	0	0	1	0	0	1	1	0	0	1	0	0	0	0	1	0	0	1	0	1	1	1	0	0	0	1	0	0	1	0	0	1	0	1	0	1	1	1	1	1	1	0	1	1	0	1	1	0	1	0	0	1	1	1	1	0	0	0	0	0	1	1	0	1	0	1	0	0	0	0	0	1	0	0	1	1	1	1	1	1	0	0	0	1	0	1	0	0	0	1	0	1	1	1	1
28	21.807016	1	1	0	0	0	1	0	0	1	1	0	0	1	0	0	0	0	1	0	0	1	0	1	1	1	0	0	0	1	0	0	1	0	0	1	0	1	0	1	1	1	1	1	1	0	1	1	0	1	1	0	1	0	0	1	0	1	1	0	0	0	0	0	1	1	0	1	0	1	0	0	0	0	0	1	0	0	1	1	1	1	1	1	0	0	0	1	0	1	0	0	0	1	0	1	1	1	1
29	26.595833	1	1	0	0	0	1	0	0	1	1	0	0	1	0	0	0	0	1	0	0	1	0	1	1	1	0	0	0	1	0	0	1	0	0	1	0	1	0	1	1	1	1	1	1	0	1	1	0	1	1	0	1	0	0	1	0	1	1	0	0	0	0	0	1	1	0	1	0	1	0	0	0	0	0	0	0	0	1	1	1	1	1	1	0	0	0	1	0	1	0	0	0	1	0	1	1	1	1
30	39.223965	1	1	0	0	0	1	0	0	1	1	0	0	1	0	0	0	0	1	0	0	1	0	1	1	1	0	0	0	1	0	0	1	0	0	1	0	1	0	1	1	1	1	1	1	0	1	1	0	1	1	0	1	0	0	1	0	1	1	0	0	0	0	0	1	1	0	1	0	1	0	0	0	0	0	0	0	0	1	1	1	1	1	1	0	0	0	1	0	1	0	0	0	1	0	0	1	1	1
31	1.826886	1	1	0	0	0	1	0	0	1	1	0	0	1	0	0	0	0	1	0	0	1	0	1	1	0	0	0	0	1	0	0	1	0	0	1	0	1	0	1	1	1	1	1	1	0	1	1	0	1	1	0	1	0	0	1	0	1	1	0	0	0	0	0	1	1	0	1	0	1	0	0	0	0	0	0	0	0	1	1	0	1	1	1	0	0	0	1	0	1	0	0	0	1	0	0	1	1	1
32	4.975941	1	1	0	0	0	0	0	0	1	1	0	0	1	0	0	0	0	0	0	0	1	0	0	1	0	0	0	0	1	0	0	1	0	0	1	0	1	0	1	1	1	1	1	1	0	1	1	0	1	1	0	1	0	0	1	0	1	1	0	0	0	0	0	1	1	0	1	0	1	0	0	0	0	0	0	0	0	1	1	0	1	1	1	0	0	0	1	0	1	0	0	0	1	0	0	1	1	1
33	.273869	1	1	0	0	0	0	0	0	1	1	0	0	1	0	0	0	0	0	0	0	1	0	0	1	0	0	0	0	0	0	0	1	0	0	1	0	1	0	1	0	1	1	1	1	0	0	1	0	1	1	0	1	0	0	1	0	1	1	0	0	0	0	0	1	1	0	1	0	1	0	0	0	0	0	0	0	0	1	1	0	1	1	1	0	0	0	1	0	1	0	0	0	1	0	0	1	1	1
34	16.270571	1	1	1	1	1	1	1	1	1	1	1	1	1	1	1	1	1	1	1	1	1	1	1	1	1	1	1	1	1	1	1	1	1	1	1	1	1	1	1	1	1	1	1	1	1	1	1	1	1	1	1	1	1	1	1	1	1	1	1	1	1	1	1	1	1	1	1	1	1	1	0	1	1	1	1	1	1	1	1	1	1	1	1	1	1	1	1	1	1	1	1	1	1	1	1	1	1	1
35	4.446636	1	1	0	0	0	1	0	0	1	1	0	0	1	0	0	0	0	1	0	0	1	0	1	1	1	0	0	0	1	0	0	1	0	0	1	0	1	0	1	1	1	1	1	1	0	1	1	0	1	1	0	1	0	0	1	1	1	1	0	0	0	0	0	1	1	0	1	0	1	0	0	0	0	0	1	0	0	1	1	1	1	1	1	0	0	0	1	0	1	0	0	0	1	1	1	1	1	1
36	7.606122	1	1	0	0	0	1	0	0	1	1	0	0	1	0	0	0	0	1	0	0	1	0	1	1	1	0	0	0	1	0	0	1	0	0	1	0	1	0	1	1	1	1	1	1	0	1	1	0	1	1	0	1	0	0	1	0	1	1	0	0	0	0	0	1	1	0	1	0	1	0	0	0	0	0	0	0	0	1	1	1	1	1	1	0	0	0	1	0	1	0	0	0	1	1	1	1	1	1
37	1.159825	1	1	0	0	0	1	0	0	1	1	0	0	1	0	0	0	0	1	0	0	1	0	1	1	1	0	0	0	1	0	0	1	0	0	1	0	1	0	1	1	1	1	1	1	0	1	1	0	1	1	0	1	0	0	1	0	1	1	0	0	0	0	0	1	1	0	1	0	1	0	0	0	0	0	0	0	0	1	1	1	1	1	1	0	0	0	1	0	1	0	0	0	1	1	0	1	1	1
38	.621486	1	1	0	0	0	1	0	0	1	1	0	0	1	0	0	0	0	1	0	0	1	0	1	1	0	0	0	0	1	0	0	1	0	0	1	0	1	0	1	1	1	1	1	1	0	1	1	0	1	1	0	1	0	0	1	0	1	1	0	0	0	0	0	1	1	0	1	0	1	0	0	0	0	0	0	0	0	1	1	0	1	1	1	0	0	0	1	0	1	0	0	0	1	1	0	1	1	1
39	3.052818	1	1	0	0	0	0	0	0	1	1	0	0	1	0	0	0	0	0	0	0	1	0	0	1	0	0	0	0	1	0	0	1	0	0	1	0	1	0	1	1	1	1	1	1	0	1	1	0	1	1	0	1	0	0	1	0	1	1	0	0	0	0	0	1	1	0	1	0	1	0	0	0	0	0	0	0	0	1	1	0	1	1	1	0	0	0	1	0	1	0	0	0	1	1	0	1	1	1
40	23.059179	1	1	1	1	1	1	1	1	1	1	1	1	1	1	1	1	1	1	1	1	1	1	1	1	1	1	1	1	1	1	1	1	1	1	1	1	1	1	1	1	1	1	1	1	1	1	1	1	1	1	1	1	1	1	1	1	1	1	1	1	1	1	1	1	1	0	1	1	1	1	1	1	1	1	1	1	1	1	1	1	1	1	1	1	1	1	1	1	1	1	1	1	1	1	1	1	1	1
41	.515004	1	1	0	0	0	1	0	0	1	1	0	0	1	0	0	0	0	1	0	0	1	0	1	1	1	0	0	1	1	0	0	1	0	0	1	0	1	0	1	1	1	1	1	1	0	1	1	0	1	1	0	1	0	0	1	1	1	1	0	0	1	0	0	1	1	0	1	0	1	0	1	0	1	0	1	0	0	1	1	1	1	1	1	0	0	0	1	1	1	0	0	0	1	1	1	1	1	1
42	.007703	1	1	0	0	0	1	0	0	1	1	0	0	1	0	0	0	0	1	0	0	1	0	1	1	1	0	0	1	1	0	0	1	0	0	1	0	1	0	1	1	1	1	1	1	0	1	1	0	1	1	0	1	0	0	1	1	1	1	0	0	1	0	0	1	1	0	1	0	1	0	1	0	0	0	1	0	0	1	1	1	1	1	1	0	0	0	1	1	1	0	0	0	1	1	1	1	1	1
43	.164886	1	1	0	0	0	1	0	0	1	1	0	0	1	0	0	0	0	1	0	0	1	0	1	1	1	0	0	0	1	0	0	1	0	0	1	0	1	0	1	1	1	1	1	1	0	1	1	0	1	1	0	1	0	0	1	0	1	1	0	0	0	0	0	1	1	0	1	0	1	0	1	0	0	0	0	0	0	1	1	1	1	1	1	0	0	0	1	0	1	0	0	0	1	1	1	1	1	1
44	20.663187	1	1	1	1	1	1	1	1	1	1	1	1	1	1	1	1	1	1	1	1	1	1	1	1	1	1	1	1	1	1	1	1	1	1	1	1	1	1	1	1	1	1	1	1	1	1	1	1	1	1	1	1	1	1	1	1	1	1	1	0	1	1	1	1	1	1	1	1	1	1	1	1	1	1	1	1	1	1	1	1	1	1	1	1	1	1	1	1	1	1	1	1	1	1	1	1	1	1
45	.003102	1	1	0	0	0	1	0	0	1	1	0	0	1	0	0	1	0	1	0	0	1	0	1	1	1	0	0	1	1	0	0	1	0	0	1	0	1	0	1	1	1	1	1	1	0	1	1	0	1	1	0	1	0	0	1	1	1	1	0	0	1	1	0	1	1	1	1	0	1	0	1	0	1	0	1	0	0	1	1	1	1	1	1	0	0	0	1	1	1	1	0	0	1	1	1	1	1	1
46	.007001	1	1	0	0	0	1	0	0	1	1	0	0	1	0	0	0	0	1	0	0	1	0	1	1	1	0	0	1	1	0	0	1	0	0	1	0	1	0	1	1	1	1	1	1	0	1	1	0	1	1	0	1	0	0	1	1	1	1	0	0	1	0	0	1	1	1	1	0	1	0	1	0	1	0	1	0	0	1	1	1	1	1	1	0	0	0	1	1	1	1	0	0	1	1	1	1	1	1
47	.390702	1	1	0	0	0	1	0	0	1	1	0	0	1	0	0	0	0	1	0	0	1	0	1	1	1	0	0	1	1	0	0	1	0	0	1	0	1	0	1	1	1	1	1	1	0	1	1	0	1	1	0	1	0	0	1	1	1	1	0	0	1	0	0	1	1	1	1	0	1	0	1	0	1	0	1	0	0	1	1	1	1	1	1	0	0	0	1	1	1	0	0	0	1	1	1	1	1	1
48	.012868	1	1	0	0	0	1	0	0	1	1	0	0	1	0	0	0	0	1	0	0	1	0	1	1	1	0	0	1	1	0	0	1	0	0	1	0	1	0	1	1	1	1	1	1	0	1	1	0	1	1	0	1	0	0	1	1	1	1	0	0	1	0	0	1	1	1	1	0	1	0	1	0	0	0	1	0	0	1	1	1	1	1	1	0	0	0	1	1	1	0	0	0	1	1	1	1	1	1
49	.008652	1	1	0	0	0	1	0	0	1	1	0	0	1	0	0	0	0	1	0	0	1	0	1	1	1	0	0	1	1	0	0	1	0	0	1	0	1	0	1	1	1	1	1	1	0	1	1	0	1	1	0	1	0	0	1	1	1	1	0	0	0	0	0	1	1	1	1	0	1	0	1	0	0	0	1	0	0	1	1	1	1	1	1	0	0	0	1	1	1	0	0	0	1	1	1	1	1	1
50	.361768	1	1	0	0	0	0	0	0	1	1	0	0	1	0	0	0	0	0	0	0	1	0	0	1	0	0	0	0	1	0	0	1	0	0	1	0	1	0	1	1	1	1	1	1	0	1	1	0	1	1	0	1	0	0	1	0	1	1	0	0	0	0	0	1	1	1	1	0	1	0	1	0	0	0	0	0	0	1	1	0	1	1	1	0	0	0	1	0	1	0	0	0	1	1	0	1	1	1
51	14.835678	1	1	1	1	1	1	1	1	1	1	1	1	1	1	1	1	1	1	1	1	1	1	1	1	1	1	1	1	1	1	1	1	1	1	1	1	1	1	1	1	1	1	1	1	1	1	1	1	1	1	1	1	1	1	1	1	1	1	1	1	1	1	1	1	1	1	1	1	1	1	1	1	1	1	1	1	1	1	1	1	1	1	1	1	0	1	1	1	1	1	1	1	1	1	1	1	1	1
52	.851051	1	1	0	0	0	1	0	0	1	1	0	1	1	0	0	1	0	1	0	0	1	0	1	1	1	0	0	1	1	0	0	1	0	0	1	0	1	0	1	1	1	1	1	1	0	1	1	0	1	1	0	1	0	0	1	1	1	1	1	1	1	1	0	1	1	1	1	0	1	1	1	1	1	0	1	1	0	1	1	1	1	1	1	0	0	0	1	1	1	1	0	0	1	1	1	1	1	1
53	1.708767	1	1	0	0	0	1	0	0	1	1	0	0	1	0	0	1	0	1	0	0	1	0	1	1	1	0	0	1	1	0	0	1	0	0	1	0	1	0	1	1	1	1	1	1	0	1	1	0	1	1	0	1	0	0	1	1	1	1	0	1	1	1	0	1	1	1	1	0	1	0	1	0	1	0	1	1	0	1	1	1	1	1	1	0	0	0	1	1	1	1	0	0	1	1	1	1	1	1
54	.011825	1	1	0	0	0	1	0	0	1	1	0	0	1	0	0	1	0	1	0	0	1	0	1	1	1	0	0	1	1	0	0	1	0	0	1	0	1	0	1	1	1	1	1	1	0	1	1	0	1	1	0	1	0	0	1	1	1	1	0	1	1	1	0	1	1	1	1	0	1	0	1	0	1	0	1	0	0	1	1	1	1	1	1	0	0	0	1	1	1	1	0	0	1	1	1	1	1	1
55	.343851	1	1	0	0	0	1	0	0	1	1	0	0	1	0	0	0	0	1	0	0	1	0	1	1	1	0	0	1	1	0	0	1	0	0	1	0	1	0	1	1	1	1	1	1	0	1	1	0	1	1	0	1	0	0	1	1	1	1	0	1	1	0	0	1	1	1	1	0	1	0	1	0	1	0	1	0	0	1	1	1	1	1	1	0	0	0	1	1	1	1	0	0	1	1	1	1	1	1
56	2.240345	1	1	0	0	0	1	0	0	1	1	0	0	1	0	0	0	0	1	0	0	1	0	1	1	1	0	0	1	1	0	0	1	0	0	1	0	1	0	1	1	1	1	1	1	0	1	1	0	1	1	0	1	0	0	1	1	1	1	0	1	1	0	0	1	1	1	1	0	1	0	1	0	1	0	1	0	0	1	1	1	1	1	1	0	0	0	1	1	1	0	0	0	1	1	1	1	1	1
57	.016975	1	1	0	0	0	1	0	0	1	1	0	0	1	0	0	0	0	1	0	0	1	0	1	1	1	0	0	1	1	0	0	1	0	0	1	0	1	0	1	1	1	1	1	1	0	1	1	0	1	1	0	1	0	0	1	1	1	1	0	1	1	0	0	1	1	1	1	0	1	0	1	0	0	0	1	0	0	1	1	1	1	1	1	0	0	0	1	1	1	0	0	0	1	1	1	1	1	1
58	2.055985	1	1	0	0	0	1	0	0	1	1	0	0	1	0	0	0	0	1	0	0	1	0	1	1	1	0	0	1	1	0	0	1	0	0	1	0	1	0	1	1	1	1	1	1	0	1	1	0	1	1	0	1	0	0	1	1	1	1	0	1	0	0	0	1	1	1	1	0	1	0	1	0	0	0	1	0	0	1	1	1	1	1	1	0	0	0	1	1	1	0	0	0	1	1	1	1	1	1
59	.007209	1	1	0	0	0	1	0	0	1	1	0	0	1	0	0	0	0	1	0	0	1	0	1	1	1	0	0	0	1	0	0	1	0	0	1	0	1	0	1	1	1	1	1	1	0	1	1	0	1	1	0	1	0	0	1	1	1	1	0	1	0	0	0	1	1	1	1	0	1	0	1	0	0	0	1	0	0	1	1	1	1	1	1	0	0	0	1	0	1	0	0	0	1	1	1	1	1	1
60	2.223664	1	1	0	0	0	1	0	0	1	1	0	0	1	0	0	0	0	1	0	0	1	0	1	1	0	0	0	0	1	0	0	1	0	0	1	0	1	0	1	1	1	1	1	1	0	1	1	0	1	1	0	1	0	0	1	0	1	1	0	1	0	0	0	1	1	1	1	0	1	0	1	0	0	0	0	0	0	1	1	1	1	1	1	0	0	0	1	0	1	0	0	0	1	1	0	1	1	1
61	11.334864	1	1	1	1	1	1	1	1	1	1	1	1	1	1	1	1	1	1	1	1	1	1	1	1	1	1	1	1	1	1	1	1	1	1	1	1	1	1	1	1	1	1	1	1	1	1	1	1	1	1	1	1	1	1	1	1	1	1	1	1	1	1	1	1	1	1	1	1	1	1	1	1	1	0	1	1	1	1	1	1	1	1	1	1	1	1	1	1	1	1	1	1	1	1	1	1	1	1
62	1.260212	1	1	1	1	1	1	0	1	1	1	1	1	1	1	1	1	1	1	1	1	1	0	1	1	1	1	1	1	1	1	1	1	1	1	1	1	1	1	1	1	1	1	1	1	1	1	1	1	1	1	0	1	1	1	1	1	1	1	1	1	1	1	1	1	1	1	1	1	1	1	1	1	1	0	1	1	1	1	1	1	1	1	1	1	1	1	1	1	1	1	1	1	1	1	1	1	1	1
63	.003689	1	1	0	0	0	1	0	0	1	1	0	0	1	0	0	1	0	1	0	0	1	0	1	1	1	0	0	1	1	0	0	1	0	0	1	0	1	0	1	1	1	1	1	1	0	1	1	0	1	1	0	1	0	0	1	1	1	1	0	1	1	1	0	1	1	1	1	0	1	0	1	0	1	0	1	1	0	1	1	1	1	1	1	0	1	0	1	1	1	1	0	0	1	1	1	1	1	1
64	.436973	1	1	0	0	0	1	0	0	1	1	0	0	1	0	0	1	0	1	0	0	1	0	1	1	1	0	0	1	1	0	0	1	0	0	1	0	1	0	1	1	1	1	1	1	0	1	1	0	1	1	0	1	0	0	1	1	1	1	0	1	1	1	0	1	1	1	1	0	1	0	1	0	1	0	1	0	0	1	1	1	1	1	1	0	1	0	1	1	1	1	0	0	1	1	1	1	1	1
65	.013784	1	1	0	0	0	1	0	0	1	1	0	0	1	0	0	0	0	1	0	0	1	0	1	1	1	0	0	1	1	0	0	1	0	0	1	0	1	0	1	1	1	1	1	1	0	1	1	0	1	1	0	1	0	0	1	1	1	1	0	1	1	0	0	1	1	1	1	0	1	0	1	0	1	0	1	0	0	1	1	1	1	1	1	0	1	0	1	1	1	1	0	0	1	1	1	1	1	1
66	.014073	1	1	0	0	0	1	0	0	1	1	0	0	1	0	0	0	0	1	0	0	1	0	1	1	1	0	0	1	1	0	0	1	0	0	1	0	1	0	1	1	1	1	1	1	0	1	1	0	1	1	0	1	0	0	1	1	1	1	0	1	1	0	0	1	1	1	1	0	1	0	1	0	1	0	1	0	0	1	1	1	1	1	1	0	1	0	1	1	1	0	0	0	1	1	1	1	1	1
67	1.116372	1	1	0	0	0	1	0	0	1	1	0	0	1	0	0	0	0	1	0	0	1	0	1	1	1	0	0	1	1	0	0	1	0	0	1	0	1	0	1	1	1	1	1	1	0	1	1	0	1	1	0	1	0	0	1	1	1	1	0	1	1	0	0	1	1	1	1	0	1	0	1	0	0	0	1	0	0	1	1	1	1	1	1	0	1	0	1	1	1	0	0	0	1	1	1	1	1	1
68	2.038872	1	1	0	0	0	1	0	0	1	1	0	0	1	0	0	0	0	1	0	0	1	0	1	1	1	0	0	1	1	0	0	1	0	0	1	0	1	0	1	1	1	1	1	1	0	1	1	0	1	1	0	1	0	0	1	1	1	1	0	1	0	0	0	1	1	1	1	0	1	0	1	0	0	0	1	0	0	1	1	1	1	1	1	0	1	0	1	1	1	0	0	0	1	1	1	1	1	1
69	6.17947	1	1	0	0	0	1	0	0	1	1	0	0	1	0	0	0	0	1	0	0	1	0	1	1	1	0	0	0	1	0	0	1	0	0	1	0	1	0	1	1	1	1	1	1	0	1	1	0	1	1	0	1	0	0	1	0	1	1	0	1	0	0	0	1	1	1	1	0	1	0	1	0	0	0	0	0	0	1	1	1	1	1	1	0	1	0	1	0	1	0	0	0	1	1	1	1	1	1
70	11.037962	1	1	1	1	1	1	0	1	1	1	1	1	1	1	1	1	1	1	1	1	1	1	1	1	1	1	1	1	1	1	1	1	1	1	1	1	1	1	1	1	1	1	1	1	1	1	1	1	1	1	1	1	1	1	1	1	1	1	1	1	1	1	1	1	1	1	1	1	1	1	1	1	1	1	1	1	1	1	1	1	1	1	1	1	1	1	1	1	1	1	1	1	1	1	1	1	1	1
71	1.276799	1	1	1	1	1	1	0	1	1	1	1	1	1	1	1	1	1	1	1	1	1	0	1	1	1	1	1	1	1	1	1	1	1	1	1	1	1	1	1	1	1	1	1	1	1	1	1	1	1	1	1	1	1	1	1	1	1	1	1	1	1	1	1	1	1	1	1	1	1	1	1	1	1	1	1	1	1	1	1	1	1	1	1	1	1	1	1	1	1	1	1	1	1	1	1	1	1	1
72	.606041	1	1	0	0	0	1	0	0	1	1	0	1	1	0	0	1	0	1	0	0	1	0	1	1	1	0	0	1	1	0	0	1	0	0	1	0	1	0	1	1	1	1	1	1	0	1	1	0	1	1	0	1	0	0	1	1	1	1	1	1	1	1	0	1	1	1	1	0	1	1	1	1	1	1	1	1	0	1	1	1	1	1	1	0	1	0	1	1	1	1	0	0	1	1	1	1	1	1
73	.006701	1	1	0	0	0	1	0	0	1	1	0	0	1	0	0	1	0	1	0	0	1	0	1	1	1	0	0	1	1	0	0	1	0	0	1	0	1	0	1	1	1	1	1	1	0	1	1	0	1	1	0	1	0	0	1	1	1	1	0	1	1	1	0	1	1	1	1	0	1	0	1	0	1	1	1	0	0	1	1	1	1	1	1	0	1	0	1	1	1	1	0	0	1	1	1	1	1	1
74	.004749	1	1	0	0	0	1	0	0	1	1	0	0	1	0	0	0	0	1	0	0	1	0	1	1	1	0	0	1	1	0	0	1	0	0	1	0	1	0	1	1	1	1	1	1	0	1	1	0	1	1	0	1	0	0	1	1	1	1	0	1	1	0	0	1	1	1	1	0	1	0	1	0	1	1	1	0	0	1	1	1	1	1	1	0	1	0	1	1	1	1	0	0	1	1	1	1	1	1
75	.003813	1	1	0	0	0	1	0	0	1	1	0	0	1	0	0	0	0	1	0	0	1	0	1	1	1	0	0	1	1	0	0	1	0	0	1	0	1	0	1	1	1	1	1	1	0	1	1	0	1	1	0	1	0	0	1	1	1	1	0	1	1	0	0	1	1	1	1	0	1	0	1	0	1	1	1	0	0	1	1	1	1	1	1	0	1	0	1	1	1	0	0	0	1	1	1	1	1	1
76	.002573	1	1	0	0	0	1	0	0	1	1	0	0	1	0	0	0	0	1	0	0	1	0	1	1	1	0	0	1	1	0	0	1	0	0	1	0	1	0	1	1	1	1	1	1	0	1	1	0	1	1	0	1	0	0	1	1	1	1	0	1	1	0	0	1	1	1	1	0	1	0	1	0	0	1	1	0	0	1	1	1	1	1	1	0	1	0	1	1	1	0	0	0	1	1	1	1	1	1
77	5.535423	1	1	1	1	1	1	1	1	1	1	1	1	1	1	1	1	1	1	1	1	1	0	1	1	1	1	1	1	1	1	1	1	1	1	1	1	1	1	1	1	1	1	1	1	1	1	1	1	1	1	1	1	1	1	1	1	1	1	1	1	1	1	1	1	1	1	1	1	1	1	1	1	1	1	1	1	1	1	1	1	1	1	1	1	1	1	1	1	1	1	1	1	1	1	1	1	1	1
78	3.296864	1	1	1	1	1	1	1	1	1	1	1	1	1	1	1	1	1	1	1	1	1	0	1	1	1	1	1	1	1	1	1	1	1	1	1	1	1	1	1	1	1	1	1	1	1	1	1	1	1	1	0	1	1	1	1	1	1	1	1	1	1	1	1	1	1	1	1	1	1	1	1	1	1	1	1	1	1	1	1	1	1	1	1	1	1	1	1	1	1	1	1	1	1	1	1	1	1	1
79	1.451774	1	1	1	1	1	1	1	1	1	1	1	1	1	1	1	1	1	1	1	1	1	0	1	1	1	1	1	1	1	1	0	1	1	1	1	1	1	1	1	1	1	1	1	1	1	1	1	1	1	1	0	1	1	1	1	1	1	1	1	1	1	1	1	1	1	1	1	1	1	1	1	1	1	1	1	1	1	1	1	1	1	1	1	1	1	1	1	1	1	1	1	1	1	1	1	1	1	1
80	.076308	1	1	0	0	0	1	1	0	1	1	0	1	1	0	0	1	0	1	0	0	1	0	1	1	1	0	0	1	1	0	0	1	0	0	1	0	1	0	1	1	1	1	1	1	0	1	1	0	1	1	0	1	0	0	1	1	1	1	1	1	1	1	0	1	1	1	1	0	1	1	1	1	1	1	1	1	0	1	1	1	1	1	1	0	1	0	1	1	1	1	0	0	1	1	1	1	1	1
81	.003089	1	1	0	0	0	1	1	0	1	1	0	0	1	0	0	1	0	1	0	0	1	0	1	1	1	0	0	1	1	0	0	1	0	0	1	0	1	0	1	1	1	1	1	1	0	1	1	0	1	1	0	1	0	0	1	1	1	1	0	1	1	1	0	1	1	1	1	0	1	0	1	0	1	1	1	0	0	1	1	1	1	1	1	0	1	0	1	1	1	1	0	0	1	1	1	1	1	1
82	6.218277	1	1	1	1	1	1	1	1	1	1	1	1	1	1	1	1	1	1	1	1	1	1	1	1	1	1	1	1	1	1	1	1	1	1	1	1	1	1	1	1	1	1	1	1	1	1	1	1	1	1	0	1	1	1	1	1	1	1	1	1	1	1	1	1	1	1	1	1	1	1	1	1	1	1	1	1	1	1	1	1	1	1	1	1	1	1	1	1	1	1	1	1	1	1	1	1	1	1
83	1.668908	1	1	1	1	1	1	1	1	1	1	1	1	1	1	1	1	1	1	1	1	1	1	1	1	1	1	1	1	1	1	0	1	1	1	1	1	1	1	1	1	1	1	1	1	1	1	1	1	1	1	0	1	1	1	1	1	1	1	1	1	1	1	1	1	1	1	1	1	1	1	1	1	1	1	1	1	1	1	1	1	1	1	1	1	1	1	1	1	1	1	1	1	1	1	1	1	1	1
84	10.058602	1	1	1	1	1	1	1	1	1	1	1	1	1	1	1	1	1	1	1	1	1	1	1	1	1	1	1	1	1	1	0	1	1	1	1	1	1	1	1	1	1	1	1	1	1	1	1	1	1	1	1	1	1	1	1	1	1	1	1	1	1	1	1	1	1	1	1	1	1	1	1	1	1	1	1	1	1	1	1	1	1	1	1	1	1	1	1	1	1	1	1	1	1	1	1	1	1	1
85	16.522057	1	1	1	1	1	1	1	1	1	1	1	1	1	1	1	1	1	1	1	1	1	1	1	1	1	1	1	1	1	1	1	1	1	1	1	1	1	1	1	1	1	1	1	1	1	1	1	0	1	1	1	1	1	1	1	1	1	1	1	1	1	1	1	1	1	1	1	1	1	1	1	1	1	1	1	1	1	1	1	1	1	1	1	1	1	1	1	1	1	1	1	1	1	1	1	1	1	1
86	30.88188	1	1	1	1	1	1	1	1	1	1	1	1	1	0	1	1	1	1	1	1	1	1	1	1	1	1	1	1	1	1	1	1	1	1	1	1	1	1	1	1	1	1	1	1	1	1	1	1	1	1	1	1	1	1	1	1	1	1	1	1	1	1	1	1	1	1	1	1	1	1	1	1	1	1	1	1	1	1	1	1	1	1	1	1	1	1	1	1	1	1	1	1	1	1	1	1	1	1
87	16.433216	1	1	1	1	1	1	1	0	1	1	1	1	1	1	1	1	1	1	1	1	1	1	1	1	1	1	1	1	1	1	1	1	1	1	1	1	1	1	1	1	1	1	1	1	1	1	1	1	1	1	1	1	1	1	1	1	1	1	1	1	1	1	1	1	1	1	1	1	1	1	1	1	1	1	1	1	1	1	1	1	1	1	1	1	1	1	1	1	1	1	1	1	1	1	1	1	1	1
88	.357968	1	1	1	1	1	1	1	0	1	1	1	1	1	1	1	1	1	1	0	1	1	1	1	1	1	1	0	1	1	1	1	1	1	1	1	1	1	1	1	1	1	1	1	1	1	1	1	1	1	1	1	1	1	1	1	1	1	1	1	1	1	1	1	1	1	1	1	1	1	1	1	1	1	1	1	1	1	1	1	1	1	1	1	1	1	1	1	1	1	1	1	1	1	1	1	1	1	1
89	.004343	1	1	0	0	0	1	1	0	1	1	0	1	1	1	0	1	0	1	0	0	1	1	1	1	1	0	0	1	1	0	1	1	0	0	1	0	1	0	1	1	1	1	1	1	0	1	1	1	1	1	1	1	0	0	1	1	1	1	1	1	1	1	0	1	1	1	1	0	1	1	1	1	1	1	1	1	0	1	1	1	1	1	1	0	1	0	1	1	1	1	0	0	1	1	1	1	1	1
90	15.528502	1	1	1	1	1	1	1	1	1	1	1	1	1	1	1	1	1	1	0	1	1	1	1	1	1	1	1	1	1	1	1	1	1	1	1	1	1	1	1	1	1	1	1	1	1	1	1	1	1	1	1	1	1	1	1	1	1	1	1	1	1	1	1	1	1	1	1	1	1	1	1	1	1	1	1	1	1	1	1	1	1	1	1	1	1	1	1	1	1	1	1	1	1	1	1	1	1	1
91	6.089782	1	1	1	1	1	1	1	1	1	1	1	1	1	1	1	1	1	1	1	1	1	1	1	1	1	1	0	1	1	1	1	1	1	1	1	1	1	1	1	1	1	1	1	1	1	1	1	1	1	1	1	1	1	1	1	1	1	1	1	1	1	1	1	1	1	1	1	1	1	1	1	1	1	1	1	1	1	1	1	1	1	1	1	1	1	1	1	1	1	1	1	1	1	1	1	1	1	1
92	4.060687	1	1	1	1	1	1	1	1	1	1	1	1	1	1	0	1	1	1	1	1	1	1	1	1	1	1	0	1	1	1	1	1	1	1	1	1	1	1	1	1	1	1	1	1	1	1	1	1	1	1	1	1	1	1	1	1	1	1	1	1	1	1	1	1	1	1	1	1	1	1	1	1	1	1	1	1	1	1	1	1	1	1	1	1	1	1	1	1	1	1	1	1	1	1	1	1	1	1
93	.989788	1	1	1	0	1	1	1	1	1	1	1	1	1	1	0	1	1	1	1	0	1	1	1	1	1	1	0	1	1	1	1	1	1	0	1	1	1	1	1	1	1	1	1	1	1	1	1	1	1	1	1	1	1	1	1	1	1	1	1	1	1	1	1	1	1	1	1	1	1	1	1	1	1	1	1	1	1	1	1	1	1	1	1	1	1	1	1	1	1	1	1	1	1	1	1	1	1	1
94	.727349	1	1	0	0	0	1	1	1	1	1	0	1	1	1	0	1	1	1	1	0	1	1	1	1	1	0	0	1	1	0	1	1	0	0	1	0	1	1	1	1	1	1	1	1	0	1	1	1	1	1	1	1	1	0	1	1	1	1	1	1	1	1	1	1	1	1	1	1	1	1	1	1	1	1	1	1	0	1	1	1	1	1	1	0	1	0	1	1	1	1	0	0	1	1	1	1	1	1
95	.000147	1	1	0	0	0	1	1	1	1	1	0	1	1	1	0	1	1	1	1	0	1	1	1	1	1	0	0	1	1	0	1	1	0	0	1	0	1	0	1	1	1	1	1	1	0	1	1	1	1	1	1	1	0	0	1	1	1	1	1	1	1	1	0	1	1	1	1	1	1	1	1	1	1	1	1	1	0	1	1	1	1	1	1	0	1	0	1	1	1	1	0	0	1	1	1	1	1	1
96	.698303	1	1	0	0	0	1	1	1	1	1	0	1	1	1	0	1	0	1	1	0	1	1	1	1	1	0	0	1	1	0	1	1	0	0	1	0	1	0	1	1	1	1	1	1	0	1	1	1	1	1	1	1	0	0	1	1	1	1	1	1	1	1	0	1	1	1	1	1	1	1	1	1	1	1	1	1	0	1	1	1	1	1	1	0	1	0	1	1	1	1	0	0	1	1	1	1	1	1
97	.818664	1	1	0	0	0	1	1	1	1	1	0	1	1	1	0	1	0	1	1	0	1	1	1	1	1	0	0	1	1	0	1	1	0	0	1	0	1	0	1	1	1	1	1	1	0	1	1	1	1	1	1	1	0	0	1	1	1	1	1	1	1	1	0	1	1	1	1	0	1	1	1	1	1	1	1	1	0	1	1	1	1	1	1	0	1	0	1	1	1	1	0	0	1	1	1	1	1	1
98	.007189	1	1	0	0	0	1	1	1	1	1	0	1	1	1	0	1	0	1	1	0	1	1	1	1	1	0	0	1	1	0	1	1	0	0	1	0	1	0	1	1	1	1	1	1	0	1	1	1	1	1	1	1	0	0	1	1	1	1	0	1	1	1	0	1	1	1	1	0	1	1	1	1	1	1	1	1	0	1	1	1	1	1	1	0	1	0	1	1	1	1	0	0	1	1	1	1	1	1
99	1.288713	1	1	0	0	0	1	1	1	1	1	0	0	1	1	0	1	0	1	1	0	1	1	1	1	1	0	0	1	1	0	1	1	0	0	1	0	1	0	1	1	1	1	1	1	0	1	1	1	1	1	1	1	0	0	1	1	1	1	0	1	1	1	0	1	1	1	1	0	1	0	1	0	1	1	1	1	0	1	1	1	1	1	1	0	1	0	1	1	1	1	0	0	1	1	1	1	1	1
100	.010262	1	1	0	0	0	1	1	1	1	1	0	0	1	1	0	1	0	1	1	0	1	1	1	1	1	0	0	1	1	0	1	1	0	0	1	0	1	0	1	1	1	1	1	1	0	1	1	1	1	1	1	1	0	0	1	1	1	1	0	1	1	1	0	1	1	1	1	0	1	0	1	0	1	1	1	0	0	1	1	1	1	1	1	0	1	0	1	1	1	1	0	0	1	1	1	1	1	1
101	.004879	1	1	0	0	0	1	1	1	1	1	0	0	1	1	0	0	0	1	1	0	1	1	1	1	1	0	0	1	1	0	1	1	0	0	1	0	1	0	1	1	1	1	1	1	0	1	1	1	1	1	1	1	0	0	1	1	1	1	0	1	1	0	0	1	1	1	1	0	1	0	1	0	1	1	1	0	0	1	1	1	1	1	1	0	1	0	1	1	1	1	0	0	1	1	1	1	1	1
102	.003247	1	1	0	0	0	1	1	1	1	1	0	0	1	1	0	0	0	1	1	0	1	1	1	1	1	0	0	1	1	0	1	1	0	0	1	0	1	0	1	1	1	1	1	1	0	1	1	1	1	1	1	1	0	0	1	1	1	1	0	1	1	0	0	1	1	1	1	0	1	0	1	0	1	1	1	0	0	1	1	1	1	1	1	0	1	0	1	1	1	0	0	0	1	1	1	1	1	1
103	14.729502	1	1	1	1	1	1	1	1	1	1	1	1	1	1	0	1	1	1	1	1	1	1	1	1	1	1	1	1	1	1	1	1	1	1	1	1	1	1	1	1	1	1	1	1	1	1	1	1	1	1	1	1	1	1	1	1	1	1	1	1	1	1	1	1	1	1	1	1	1	1	1	1	1	1	1	1	1	1	1	1	1	1	1	1	1	1	1	1	1	1	1	1	1	1	1	1	1	1
104	23.915991	1	1	1	1	1	1	1	1	1	1	1	1	1	1	1	1	1	1	1	1	1	1	1	1	1	1	1	1	1	1	1	1	1	0	1	1	1	1	1	1	1	1	1	1	1	1	1	1	1	1	1	1	1	1	1	1	1	1	1	1	1	1	1	1	1	1	1	1	1	1	1	1	1	1	1	1	1	1	1	1	1	1	1	1	1	1	1	1	1	1	1	1	1	1	1	1	1	1
105	7.906096	1	1	1	0	1	1	1	1	1	1	1	1	1	1	1	1	1	1	1	1	1	1	1	1	1	1	1	1	1	1	1	1	1	1	1	1	1	1	1	1	1	1	1	1	1	1	1	1	1	1	1	1	1	1	1	1	1	1	1	1	1	1	1	1	1	1	1	1	1	1	1	1	1	1	1	1	1	1	1	1	1	1	1	1	1	1	1	1	1	1	1	1	1	1	1	1	1	1
106	3.297267	1	1	1	0	1	1	1	1	1	1	1	1	1	1	1	1	1	1	1	0	1	1	1	1	1	1	1	1	1	1	1	1	1	1	1	1	1	1	1	1	1	1	1	1	1	1	1	1	1	1	1	1	1	1	1	1	1	1	1	1	1	1	1	1	1	1	1	1	1	1	1	1	1	1	1	1	1	1	1	1	1	1	1	1	1	1	1	1	1	1	1	1	1	1	1	1	1	1
107	1.010658	1	1	1	0	1	1	1	1	1	1	1	1	1	1	1	1	1	1	1	0	1	1	1	1	1	1	1	1	1	1	1	1	1	1	1	1	1	1	1	1	1	1	1	1	1	1	1	1	1	1	1	1	1	1	1	1	1	1	1	1	1	1	1	1	1	1	1	1	1	1	1	1	1	1	1	1	1	1	1	1	1	1	1	0	1	1	1	1	1	1	1	1	1	1	1	1	1	1
108	.000384	1	1	0	0	0	1	1	1	1	1	0	1	1	1	1	1	1	1	1	0	1	1	1	1	1	0	1	1	1	0	1	1	0	1	1	0	1	1	1	1	1	1	1	1	0	1	1	1	1	1	1	1	1	0	1	1	1	1	1	1	1	1	1	1	1	1	1	1	1	1	1	1	1	1	1	1	0	1	1	1	1	1	1	0	1	0	1	1	1	1	0	0	1	1	1	1	1	1
109	.003491	1	1	0	0	0	1	1	1	1	1	0	1	1	1	1	1	1	1	1	0	1	1	1	1	1	0	1	1	1	0	1	1	0	1	1	0	1	0	1	1	1	1	1	1	0	1	1	1	1	1	1	1	0	0	1	1	1	1	1	1	1	1	0	1	1	1	1	1	1	1	1	1	1	1	1	1	0	1	1	1	1	1	1	0	1	0	1	1	1	1	0	0	1	1	1	1	1	1
110	.008971	1	1	0	0	0	1	1	1	1	1	0	1	1	1	1	1	0	1	1	0	1	1	1	1	1	0	1	1	1	0	1	1	0	1	1	0	1	0	1	1	1	1	1	1	0	1	1	1	1	1	1	1	0	0	1	1	1	1	1	1	1	1	0	1	1	1	1	1	1	1	1	1	1	1	1	1	0	1	1	1	1	1	1	0	1	0	1	1	1	1	0	0	1	1	1	1	1	1
111	.017464	1	1	0	0	0	1	1	1	1	1	0	1	1	1	1	1	0	1	1	0	1	1	1	1	1	0	1	1	1	0	1	1	0	1	1	0	1	0	1	1	1	1	1	1	0	1	1	1	1	1	1	1	0	0	1	1	1	1	1	1	1	1	0	1	1	1	1	0	1	1	1	1	1	1	1	1	0	1	1	1	1	1	1	0	1	0	1	1	1	1	0	0	1	1	1	1	1	1
112	.013692	1	1	0	0	0	1	1	1	1	1	0	1	1	1	1	1	0	1	1	0	1	1	1	1	1	0	1	1	1	0	1	1	0	1	1	0	1	0	1	1	1	1	1	1	0	1	1	1	1	1	1	1	0	0	1	1	1	1	0	1	1	1	0	1	1	1	1	0	1	1	1	1	1	1	1	1	0	1	1	1	1	1	1	0	1	0	1	1	1	1	0	0	1	1	1	1	1	1
113	.001063	1	1	0	0	0	1	1	1	1	1	0	1	1	1	1	1	0	1	1	0	1	1	1	1	1	0	1	1	1	0	1	1	0	1	1	0	1	0	1	1	1	1	1	1	0	1	1	1	1	1	1	1	0	0	1	1	1	1	0	1	1	1	0	1	1	1	1	0	1	0	1	0	1	1	1	1	0	1	1	1	1	1	1	0	1	0	1	1	1	1	0	0	1	1	1	1	1	1
114	.014221	1	1	0	0	0	1	1	1	1	1	0	0	1	1	1	1	0	1	1	0	1	1	1	1	1	0	1	1	1	0	1	1	0	1	1	0	1	0	1	1	1	1	1	1	0	1	1	1	1	1	1	1	0	0	1	1	1	1	0	1	1	1	0	1	1	1	1	0	1	0	1	0	1	1	1	1	0	1	1	1	1	1	1	0	1	0	1	1	1	1	0	0	1	1	1	1	1	1
115	.017942	1	1	0	0	0	1	1	1	1	1	0	0	1	1	1	1	0	1	1	0	1	1	1	1	1	0	1	1	1	0	1	1	0	1	1	0	1	0	1	1	1	1	1	1	0	1	1	1	1	1	1	1	0	0	1	1	1	1	0	1	1	1	0	1	1	1	1	0	1	0	1	0	1	1	1	0	0	1	1	1	1	1	1	0	1	0	1	1	1	1	0	0	1	1	1	1	1	1
116	.007545	1	1	0	0	0	1	1	1	1	1	0	0	1	1	1	1	0	1	1	0	1	1	1	1	1	0	1	1	1	0	1	1	0	1	1	0	1	0	1	1	1	1	1	1	0	1	1	1	1	1	1	1	0	0	1	1	1	1	0	1	1	0	0	1	1	1	1	0	1	0	1	0	1	1	1	0	0	1	1	1	1	1	1	0	1	0	1	1	1	1	0	0	1	1	1	1	1	1
117	.017153	1	1	0	0	0	1	1	1	1	1	0	0	1	1	1	0	0	1	1	0	1	1	1	1	1	0	1	1	1	0	1	1	0	1	1	0	1	0	1	1	1	1	1	1	0	1	1	1	1	1	1	1	0	0	1	1	1	1	0	1	1	0	0	1	1	1	1	0	1	0	1	0	1	1	1	0	0	1	1	1	1	1	1	0	1	0	1	1	1	1	0	0	1	1	1	1	1	1
118	.017844	1	1	0	0	0	1	1	1	1	1	0	0	1	1	1	0	0	1	1	0	1	1	1	1	1	0	1	1	1	0	1	1	0	1	1	0	1	0	1	1	1	1	1	1	0	1	1	1	1	1	1	1	0	0	1	1	1	1	0	1	1	0	0	1	1	1	1	0	1	0	1	0	1	1	1	0	0	1	1	1	1	1	1	0	1	0	1	1	1	0	0	0	1	1	1	1	1	1
119	1.087983	1	1	0	0	0	1	1	1	1	1	0	0	1	1	1	0	0	1	1	0	1	1	1	1	1	0	1	1	1	0	1	1	0	1	1	0	1	0	1	1	1	1	1	1	0	1	1	1	1	1	1	1	0	0	1	1	1	1	0	1	1	0	0	1	1	1	1	0	1	0	1	0	0	1	1	0	0	1	1	1	1	1	1	0	1	0	1	1	1	0	0	0	1	1	1	1	1	1
120	.013752	1	1	0	0	0	1	1	1	1	1	0	0	1	1	1	0	0	1	1	0	1	1	1	1	1	0	1	1	1	0	1	1	0	1	1	0	1	0	1	1	1	1	1	1	0	1	1	1	1	1	1	1	0	0	1	1	1	1	0	1	0	0	0	1	1	1	1	0	1	0	1	0	0	1	1	0	0	1	1	1	1	1	1	0	1	0	1	1	1	0	0	0	1	1	1	1	1	1
121	.001879	1	1	0	0	0	1	1	1	1	1	0	0	1	1	1	0	0	1	1	0	1	1	1	1	1	0	1	1	1	0	1	1	0	1	1	0	1	0	1	1	1	1	1	1	0	1	1	1	1	1	1	1	0	0	1	1	1	1	0	1	0	0	0	1	1	1	1	0	1	0	1	0	0	1	1	0	0	1	1	1	1	1	1	0	1	0	1	0	1	0	0	0	1	1	1	1	1	1
122	.686836	1	1	0	0	0	1	1	1	1	1	0	0	1	1	1	0	0	1	1	0	1	1	1	1	1	0	1	0	1	0	1	1	0	1	1	0	1	0	1	1	1	1	1	1	0	1	1	1	1	1	1	1	0	0	1	1	1	1	0	1	0	0	0	1	1	1	1	0	1	0	1	0	0	1	1	0	0	1	1	1	1	1	1	0	1	0	1	0	1	0	0	0	1	1	1	1	1	1
123	.53404	1	1	0	0	0	1	1	1	1	1	0	0	1	1	1	0	0	1	1	0	1	1	1	1	1	0	1	0	1	0	1	1	0	1	1	0	1	0	1	1	1	1	1	1	0	1	1	1	1	1	1	1	0	0	1	0	1	1	0	1	0	0	0	1	1	1	1	0	1	0	1	0	0	1	1	0	0	1	1	1	1	1	1	0	1	0	1	0	1	0	0	0	1	1	1	1	1	1
124	.009179	1	1	0	0	0	1	1	1	1	1	0	0	1	1	1	0	0	1	1	0	1	1	1	1	1	0	1	0	1	0	1	1	0	1	1	0	1	0	1	1	1	1	1	1	0	1	1	1	1	1	1	1	0	0	1	0	1	1	0	1	0	0	0	1	1	1	1	0	1	0	1	0	0	1	0	0	0	1	1	1	1	1	1	0	1	0	1	0	1	0	0	0	1	1	1	1	1	1
125	.036481	1	1	0	0	0	1	1	1	1	1	0	0	1	1	1	0	0	1	1	0	1	1	1	1	1	0	1	0	1	0	1	1	0	1	1	0	1	0	1	1	1	1	1	1	0	1	1	1	1	1	1	1	0	0	1	0	1	1	0	1	0	0	0	1	1	1	1	0	1	0	1	0	0	1	0	0	0	1	1	1	1	1	1	0	1	0	1	0	1	0	0	0	1	1	0	1	1	1
126	5.267118	1	1	1	1	1	1	1	1	1	1	1	1	1	1	1	1	1	1	1	0	1	1	1	1	1	1	1	1	1	1	1	1	1	1	1	1	1	1	1	1	1	1	1	1	1	1	1	1	1	1	1	1	1	1	1	1	1	1	1	1	1	1	1	1	1	1	1	1	1	1	1	1	1	1	1	1	1	1	1	1	1	1	1	1	1	1	1	1	1	1	1	1	1	1	1	1	1	1
127	.606962	1	1	1	1	0	1	1	1	1	1	1	1	1	1	1	1	1	1	1	0	1	1	1	1	1	1	1	1	1	1	1	1	1	1	1	1	1	1	1	1	1	1	1	1	1	1	1	1	1	1	1	1	1	1	1	1	1	1	1	1	1	1	1	1	1	1	1	1	1	1	1	1	1	1	1	1	1	1	1	1	1	1	1	0	1	1	1	1	1	1	1	1	1	1	1	1	1	1
128	.230494	1	1	0	1	0	1	1	1	1	1	0	1	1	1	1	1	1	1	1	0	1	1	1	1	1	1	1	1	1	0	1	1	1	1	1	0	1	1	1	1	1	1	1	1	0	1	1	1	1	1	1	1	1	0	1	1	1	1	1	1	1	1	1	1	1	1	1	1	1	1	1	1	1	1	1	1	0	1	1	1	1	1	1	0	1	1	1	1	1	1	0	0	1	1	1	1	1	1
129	.005636	1	1	0	1	0	1	1	1	1	1	0	1	1	1	1	1	0	1	1	0	1	1	1	1	1	0	1	1	1	0	1	1	0	1	1	0	1	0	1	1	1	1	1	1	0	1	1	1	1	1	1	1	0	0	1	1	1	1	1	1	1	1	0	1	1	1	1	0	1	1	1	1	1	1	1	1	0	1	1	1	1	1	1	0	1	0	1	1	1	1	0	0	1	1	1	1	1	1
130	.001285	1	1	0	1	0	1	1	1	1	1	0	1	1	1	1	1	0	1	1	0	1	1	1	1	1	0	1	1	1	0	1	1	0	1	1	0	1	0	1	1	1	1	1	1	0	1	1	1	1	1	1	1	0	0	1	1	1	1	0	1	1	1	0	1	1	1	1	0	1	1	1	1	1	1	1	1	0	1	1	1	1	1	1	0	1	0	1	1	1	1	0	0	1	1	1	1	1	1
131	.00205	1	1	0	1	0	1	1	1	1	1	0	0	1	1	1	1	0	1	1	0	1	1	1	1	1	0	1	1	1	0	1	1	0	1	1	0	1	0	1	1	1	1	1	1	0	1	1	1	1	1	1	1	0	0	1	1	1	1	0	1	1	1	0	1	1	1	1	0	1	0	1	0	1	1	1	0	0	1	1	1	1	1	1	0	1	0	1	1	1	1	0	0	1	1	1	1	1	1
132	17.038801	1	1	1	1	1	1	1	1	1	1	1	1	1	1	1	1	1	1	1	1	1	1	1	1	1	1	1	1	1	1	1	1	1	1	1	1	1	1	1	1	1	1	1	1	1	1	1	1	1	1	1	1	1	1	1	1	1	1	1	1	1	1	1	1	1	1	1	1	1	1	1	1	1	1	1	1	1	1	1	1	1	1	1	0	1	1	1	1	1	1	1	1	1	1	1	1	1	1
133	7.796533	1	1	1	1	0	1	1	1	1	1	1	1	1	1	1	1	1	1	1	1	1	1	1	1	1	1	1	1	1	1	1	1	1	1	1	1	1	1	1	1	1	1	1	1	1	1	1	1	1	1	1	1	1	1	1	1	1	1	1	1	1	1	1	1	1	1	1	1	1	1	1	1	1	1	1	1	1	1	1	1	1	1	1	1	1	1	1	1	1	1	1	1	1	1	1	1	1	1
134	4.054366	1	1	1	1	0	1	1	1	1	1	1	1	1	1	1	1	1	1	1	1	1	1	1	1	1	1	1	1	1	1	1	1	1	1	1	1	1	1	1	1	1	1	1	1	1	1	1	1	1	1	1	1	1	1	1	1	1	1	1	1	1	1	1	1	1	1	1	1	1	1	1	1	1	1	1	1	1	1	1	1	1	1	1	1	1	1	1	1	1	1	0	1	1	1	1	1	1	1
135	7.019656	1	1	1	1	1	1	1	1	1	1	1	1	1	1	1	1	1	1	1	1	1	1	1	1	1	1	1	1	1	1	1	1	1	1	1	1	1	1	1	1	1	1	1	1	1	1	1	1	1	1	1	1	1	1	1	1	1	1	1	1	1	1	1	1	1	1	1	1	1	1	1	1	1	1	1	1	1	1	1	1	1	1	1	1	1	1	1	1	1	1	0	1	1	1	1	1	1	1
136	14.846376	1	1	0	1	1	1	1	1	1	1	1	1	1	1	1	1	1	1	1	1	1	1	1	1	1	1	1	1	1	1	1	1	1	1	1	1	1	1	1	1	1	1	1	1	1	1	1	1	1	1	1	1	1	1	1	1	1	1	1	1	1	1	1	1	1	1	1	1	1	1	1	1	1	1	1	1	1	1	1	1	1	1	1	1	1	1	1	1	1	1	1	1	1	1	1	1	1	1
137	.71892	1	1	0	1	1	1	1	1	1	1	0	0	1	1	1	0	0	1	1	1	1	1	1	1	1	0	1	0	1	0	1	1	0	1	1	0	1	0	1	1	1	1	1	1	0	1	1	1	1	1	1	1	0	0	1	0	1	1	0	1	0	0	0	1	1	1	1	0	1	0	1	0	0	1	0	0	0	1	1	1	1	1	1	1	1	0	1	0	1	0	1	0	1	1	1	1	1	1
138	8.196874	1	1	1	1	1	1	1	1	1	1	1	1	1	1	1	1	1	1	1	1	1	1	1	1	1	1	1	1	1	1	1	1	1	1	1	1	1	1	1	1	1	1	1	1	0	1	1	1	1	1	1	1	1	1	1	1	1	1	1	1	1	1	1	1	1	1	1	1	1	1	1	1	1	1	1	1	1	1	1	1	1	1	1	1	1	1	1	1	1	1	1	1	1	1	1	1	1	1
139	1.037252	1	1	1	1	1	1	1	1	1	1	1	1	1	1	1	1	1	1	1	1	1	1	1	1	1	1	1	1	1	1	1	1	1	1	1	1	1	1	1	1	1	1	1	1	0	1	1	1	1	1	1	1	1	0	1	1	1	1	1	1	1	1	1	1	1	1	1	1	1	1	1	1	1	1	1	1	1	1	1	1	1	1	1	1	1	1	1	1	1	1	1	0	1	1	1	1	1	1
140	.125635	1	1	1	1	1	1	1	1	1	1	0	1	1	1	1	1	1	1	1	1	1	1	1	1	1	1	1	1	1	0	1	1	1	1	1	0	1	1	1	1	1	1	1	1	0	1	1	1	1	1	1	1	1	0	1	1	1	1	1	1	1	1	1	1	1	1	1	1	1	1	1	1	1	1	1	1	1	1	1	1	1	1	1	1	1	1	1	1	1	1	1	0	1	1	1	1	1	1
141	.001133	1	1	1	1	1	1	1	1	1	1	0	1	1	1	1	1	1	1	1	1	1	1	1	1	1	1	1	1	1	0	1	1	1	1	1	0	1	1	1	1	1	1	1	1	0	1	1	1	1	1	1	1	1	0	1	1	1	1	1	1	1	1	1	1	1	1	1	1	1	1	1	1	1	1	1	1	0	1	1	1	1	1	1	1	1	0	1	1	1	1	1	0	1	1	1	1	1	1
142	.68331	1	1	1	1	1	1	1	1	1	1	0	1	1	1	1	1	1	1	1	1	1	1	1	1	1	0	1	1	1	0	1	1	0	1	1	0	1	0	1	1	1	1	1	1	0	1	1	1	1	1	1	1	0	0	1	1	1	1	1	1	1	1	0	1	1	1	1	1	1	1	1	1	1	1	1	1	0	1	1	1	1	1	1	1	1	0	1	1	1	1	1	0	1	1	1	1	1	1
143	.003848	1	1	1	1	1	1	1	1	1	1	0	1	1	1	1	1	0	1	1	1	1	1	1	1	1	0	1	1	1	0	1	1	0	1	1	0	1	0	1	1	1	1	1	1	0	1	1	1	1	1	1	1	0	0	1	1	1	1	1	1	1	1	0	1	1	1	1	0	1	1	1	1	1	1	1	1	0	1	1	1	1	1	1	1	1	0	1	1	1	1	1	0	1	1	1	1	1	1
144	.375502	1	1	1	1	1	1	1	1	1	1	0	1	1	1	1	1	0	1	1	1	1	1	1	1	1	0	1	1	1	0	1	1	0	1	1	0	1	0	1	1	1	1	1	1	0	1	1	1	1	1	1	1	0	0	1	1	1	1	0	1	1	1	0	1	1	1	1	0	1	1	1	1	1	1	1	1	0	1	1	1	1	1	1	1	1	0	1	1	1	1	1	0	1	1	1	1	1	1
145	.004596	1	1	1	1	1	1	1	1	1	1	0	0	1	1	1	1	0	1	1	1	1	1	1	1	1	0	1	1	1	0	1	1	0	1	1	0	1	0	1	1	1	1	1	1	0	1	1	1	1	1	1	1	0	0	1	1	1	1	0	1	1	1	0	1	1	1	1	0	1	0	1	0	1	1	1	1	0	1	1	1	1	1	1	1	1	0	1	1	1	1	1	0	1	1	1	1	1	1
146	.00612	1	1	1	1	1	1	1	1	1	1	0	0	1	1	1	1	0	1	1	1	1	1	1	1	1	0	1	1	1	0	1	1	0	1	1	0	1	0	1	1	1	1	1	1	0	1	1	1	1	1	1	1	0	0	1	1	1	1	0	1	1	1	0	1	1	1	1	0	1	0	1	0	1	1	1	0	0	1	1	1	1	1	1	1	1	0	1	1	1	1	1	0	1	1	1	1	1	1
147	.005284	1	1	1	1	1	1	1	1	1	1	0	0	1	1	1	0	0	1	1	1	1	1	1	1	1	0	1	1	1	0	1	1	0	1	1	0	1	0	1	1	1	1	1	1	0	1	1	1	1	1	1	1	0	0	1	1	1	1	0	1	1	0	0	1	1	1	1	0	1	0	1	0	1	1	1	0	0	1	1	1	1	1	1	1	1	0	1	1	1	1	1	0	1	1	1	1	1	1
148	.005808	1	1	1	1	1	1	1	1	1	1	0	0	1	1	1	0	0	1	1	1	1	1	1	1	1	0	1	1	1	0	1	1	0	1	1	0	1	0	1	1	1	1	1	1	0	1	1	1	1	1	1	1	0	0	1	1	1	1	0	1	1	0	0	1	1	1	1	0	1	0	1	0	1	1	1	0	0	1	1	1	1	1	1	1	1	0	1	1	1	0	1	0	1	1	1	1	1	1
149	.714838	1	1	1	1	1	1	1	1	1	1	0	0	1	1	1	0	0	1	1	1	1	1	1	1	1	0	1	1	1	0	1	1	0	1	1	0	1	0	1	1	1	1	1	1	0	1	1	1	1	1	1	1	0	0	1	1	1	1	0	1	1	0	0	1	1	1	1	0	1	0	1	0	0	1	1	0	0	1	1	1	1	1	1	1	1	0	1	1	1	0	1	0	1	1	1	1	1	1
150	.003564	1	1	1	1	1	1	1	1	1	1	0	0	1	1	1	0	0	1	1	1	1	1	1	1	1	0	1	1	1	0	1	1	0	1	1	0	1	0	1	1	1	1	1	1	0	1	1	1	1	1	1	1	0	0	1	1	1	1	0	1	0	0	0	1	1	1	1	0	1	0	1	0	0	1	1	0	0	1	1	1	1	1	1	1	1	0	1	1	1	0	1	0	1	1	1	1	1	1
151	.59049	1	1	1	1	1	1	1	1	1	1	0	0	1	1	1	0	0	1	1	1	1	1	1	1	1	0	1	1	1	0	1	1	0	1	1	0	1	0	1	1	1	1	1	1	0	1	1	1	1	1	1	1	0	0	1	1	1	1	0	1	0	0	0	1	1	1	1	0	1	0	1	0	0	1	1	0	0	1	1	1	1	1	1	1	1	0	1	0	1	0	1	0	1	1	1	1	1	1
152	7.040472	1	1	1	1	1	1	1	1	1	1	1	1	1	1	1	1	1	1	1	1	1	1	1	1	1	1	1	1	1	1	1	1	1	1	1	1	1	1	1	1	1	1	1	1	1	1	1	1	1	1	1	1	1	1	1	1	1	1	1	1	1	1	1	1	1	1	1	1	1	1	1	1	1	1	1	1	1	1	1	1	1	1	1	1	1	1	1	1	1	1	1	0	1	1	1	1	1	1
153	2.137915	1	1	1	1	1	1	1	1	1	1	0	1	1	1	1	1	1	1	1	1	1	1	1	1	1	1	1	1	1	1	1	1	1	1	1	1	1	1	1	1	1	1	1	1	1	1	1	1	1	1	1	1	1	0	1	1	1	1	1	1	1	1	1	1	1	1	1	1	1	1	1	1	1	1	1	1	1	1	1	1	1	1	1	1	1	1	1	1	1	1	1	0	1	1	1	1	1	1
154	.00224	1	1	1	1	1	1	1	1	1	1	0	1	1	1	1	1	0	1	1	1	1	1	1	1	1	0	1	1	1	0	1	1	0	1	1	0	1	0	1	1	1	1	1	1	1	1	1	1	1	1	1	1	0	0	1	1	1	1	1	1	1	1	0	1	1	1	1	0	1	1	1	1	1	1	1	1	0	1	1	1	1	1	1	1	1	0	1	1	1	1	1	0	1	1	1	1	1	1
155	.166126	1	1	1	1	1	1	1	1	1	1	0	0	1	1	1	1	0	1	1	1	1	1	1	1	1	0	1	1	1	0	1	1	0	1	1	0	1	0	1	1	1	1	1	1	1	1	1	1	1	1	1	1	0	0	1	1	1	1	0	1	1	1	0	1	1	1	1	0	1	0	1	0	1	1	1	1	0	1	1	1	1	1	1	1	1	0	1	1	1	1	1	0	1	1	1	1	1	1
156	.003278	1	1	1	1	1	1	1	1	1	1	0	0	1	1	1	1	0	1	1	1	1	1	1	1	1	0	1	1	1	0	1	1	0	1	1	0	1	0	1	1	1	1	1	1	1	1	1	1	1	1	1	1	0	0	1	1	1	1	0	1	1	1	0	1	1	1	1	0	1	0	1	0	1	1	1	0	0	1	1	1	1	1	1	1	1	0	1	1	1	1	1	0	1	1	1	1	1	1
157	.001839	1	1	1	1	1	1	1	1	1	1	0	0	1	1	1	0	0	1	1	1	1	1	1	1	1	0	1	1	1	0	1	1	0	1	1	0	1	0	1	1	1	1	1	1	1	1	1	1	1	1	1	1	0	0	1	1	1	1	0	1	1	0	0	1	1	1	1	0	1	0	1	0	1	1	1	0	0	1	1	1	1	1	1	1	1	0	1	1	1	1	1	0	1	1	1	1	1	1
158	.001557	1	1	1	1	1	1	1	1	1	1	0	0	1	1	1	0	0	1	1	1	1	1	1	1	1	0	1	1	1	0	1	1	0	1	1	0	1	0	1	1	1	1	1	1	1	1	1	1	1	1	1	1	0	0	1	1	1	1	0	1	1	0	0	1	1	1	1	0	1	0	1	0	1	1	1	0	0	1	1	1	1	1	1	1	1	0	1	1	1	0	1	0	1	1	1	1	1	1
159	.003258	1	1	1	1	1	1	1	1	1	1	0	0	1	1	1	0	0	1	1	1	1	1	1	1	1	0	1	1	1	0	1	1	0	1	1	0	1	0	1	1	1	1	1	1	1	1	1	1	1	1	1	1	0	0	1	1	1	1	0	1	1	0	0	1	1	1	1	0	1	0	1	0	0	1	1	0	0	1	1	1	1	1	1	1	1	0	1	1	1	0	1	0	1	1	1	1	1	1
160	3.205384	1	1	1	1	1	1	1	1	1	1	1	1	1	1	1	1	1	1	1	1	1	1	1	1	1	1	1	1	1	1	1	1	1	1	1	1	1	1	1	1	1	1	1	1	1	1	1	1	1	1	1	1	1	0	1	1	1	1	1	1	1	1	1	1	1	1	1	1	1	1	1	1	1	1	1	1	1	1	1	1	1	1	1	1	1	1	1	1	1	1	1	1	1	1	1	1	1	1
161	.873155	1	1	1	1	1	1	1	1	1	1	0	1	1	1	1	1	1	1	1	1	1	1	1	1	1	1	1	1	1	0	1	1	1	1	1	0	1	1	1	1	1	1	1	1	1	1	1	1	1	1	1	1	1	0	1	1	1	1	1	1	1	1	1	1	1	1	1	1	1	1	1	1	1	1	1	1	0	1	1	1	1	1	1	1	1	1	1	1	1	1	1	1	1	1	1	1	1	1
162	.036071	1	1	1	1	1	1	1	1	1	1	0	1	1	1	1	1	1	1	1	1	1	1	1	1	1	1	1	1	1	0	1	1	1	1	1	0	1	1	1	1	1	1	1	1	1	1	1	1	1	1	1	1	1	0	1	1	1	1	1	1	1	1	1	1	1	1	1	1	1	1	1	1	1	1	1	1	0	1	1	1	1	1	1	1	1	0	1	1	1	1	1	1	1	1	1	1	1	1
163	.71233	1	1	1	1	1	1	1	1	1	1	0	1	1	1	1	1	0	1	1	1	1	1	1	1	1	0	1	1	1	0	1	1	0	1	1	0	1	0	1	1	1	1	1	1	1	1	1	1	1	1	1	1	0	0	1	1	1	1	1	1	1	1	0	1	1	1	1	0	1	1	1	1	1	1	1	1	0	1	1	1	1	1	1	1	1	0	1	1	1	1	1	1	1	1	1	1	1	1
164	.33322	1	1	1	1	1	1	1	1	1	1	0	1	1	1	1	1	0	1	1	1	1	1	1	1	1	0	1	1	1	0	1	1	0	1	1	0	1	0	1	1	1	1	1	1	1	1	1	1	1	1	1	1	0	0	1	1	1	1	0	1	1	1	0	1	1	1	1	0	1	1	1	1	1	1	1	1	0	1	1	1	1	1	1	1	1	0	1	1	1	1	1	1	1	1	1	1	1	1
165	.003363	1	1	1	1	1	1	1	1	1	1	0	0	1	1	1	1	0	1	1	1	1	1	1	1	1	0	1	1	1	0	1	1	0	1	1	0	1	0	1	1	1	1	1	1	1	1	1	1	1	1	1	1	0	0	1	1	1	1	0	1	1	1	0	1	1	1	1	0	1	0	1	0	1	1	1	1	0	1	1	1	1	1	1	1	1	0	1	1	1	1	1	1	1	1	1	1	1	1
166	.309042	1	1	1	1	1	1	1	1	1	1	0	0	1	1	1	1	0	1	1	1	1	1	1	1	1	0	1	1	1	0	1	1	0	1	1	0	1	0	1	1	1	1	1	1	1	1	1	1	1	1	1	1	0	0	1	1	1	1	0	1	1	1	0	1	1	1	1	0	1	0	1	0	1	1	1	0	0	1	1	1	1	1	1	1	1	0	1	1	1	1	1	1	1	1	1	1	1	1
167	.192005	1	1	1	1	1	1	1	1	1	1	0	0	1	1	1	0	0	1	1	1	1	1	1	1	1	0	1	1	1	0	1	1	0	1	1	0	1	0	1	1	1	1	1	1	1	1	1	1	1	1	1	1	0	0	1	1	1	1	0	1	1	0	0	1	1	1	1	0	1	0	1	0	1	1	1	0	0	1	1	1	1	1	1	1	1	0	1	1	1	1	1	1	1	1	1	1	1	1
168	.911098	1	1	1	1	1	1	1	1	1	1	0	0	1	1	1	0	0	1	1	1	1	1	1	1	1	0	1	1	1	0	1	1	0	1	1	0	1	0	1	1	1	1	1	1	1	1	1	1	1	1	1	1	0	0	1	1	1	1	0	1	1	0	0	1	1	1	1	0	1	0	1	0	1	1	1	0	0	1	1	1	1	1	1	1	1	0	1	1	1	0	1	1	1	1	1	1	1	1
169	.002985	1	1	1	1	1	1	1	1	1	1	0	0	1	1	1	0	0	1	1	1	1	1	1	1	1	0	1	1	1	0	1	1	0	1	1	0	1	0	1	1	1	1	1	1	1	1	1	1	1	1	1	1	0	0	1	1	1	1	0	1	1	0	0	1	1	1	1	0	1	0	1	0	0	1	1	0	0	1	1	1	1	1	1	1	1	0	1	1	1	0	1	1	1	1	1	1	1	1
170	.262595	1	1	1	1	1	1	1	1	1	1	0	0	1	1	1	0	0	1	1	1	1	1	1	1	1	0	1	1	1	0	1	1	0	1	1	0	1	0	1	1	1	1	1	1	1	1	1	1	1	1	1	1	0	0	1	1	1	1	0	1	0	0	0	1	1	1	1	0	1	0	1	0	0	1	1	0	0	1	1	1	1	1	1	1	1	0	1	1	1	0	1	1	1	1	1	1	1	1
171	2.486415	1	1	1	1	1	1	1	1	1	1	0	1	1	1	1	1	1	1	1	1	1	1	1	1	1	1	1	1	1	1	1	1	1	1	1	1	1	1	1	1	1	1	1	1	1	1	1	1	1	1	1	1	1	1	1	1	1	1	1	1	1	1	1	1	1	1	1	1	1	1	1	1	1	1	1	1	1	1	1	1	1	1	1	1	1	1	1	1	1	1	1	1	1	1	1	1	1	1
172	1.906319	1	1	1	1	1	1	1	1	1	1	0	1	1	1	1	1	1	1	1	1	1	1	1	1	1	1	1	1	1	0	1	1	1	1	1	1	1	1	1	1	1	1	1	1	1	1	1	1	1	1	1	1	1	1	1	1	1	1	1	1	1	1	1	1	1	1	1	1	1	1	1	1	1	1	1	1	1	1	1	1	1	1	1	1	1	1	1	1	1	1	1	1	1	1	1	1	1	1
173	.082413	1	1	1	1	1	1	1	1	1	1	0	1	1	1	1	1	0	1	1	1	1	1	1	1	1	0	1	1	1	0	1	1	0	1	1	0	1	0	1	1	1	1	1	1	1	1	1	1	1	1	1	1	0	1	1	1	1	1	1	1	1	1	0	1	1	1	1	0	1	1	1	1	1	1	1	1	0	1	1	1	1	1	1	1	1	0	1	1	1	1	1	1	1	1	1	1	1	1
174	8.957107	1	1	1	1	1	1	1	1	1	1	1	1	1	1	1	1	1	1	1	1	1	1	1	1	1	1	1	1	1	0	1	1	1	1	1	1	1	1	1	1	1	1	1	1	1	1	1	1	1	1	1	1	1	1	1	1	1	1	1	1	1	1	1	1	1	1	1	1	1	1	1	1	1	1	1	1	1	1	1	1	1	1	1	1	1	1	1	1	1	1	1	1	1	1	1	1	1	1
175	.565675	1	1	1	1	1	1	1	1	1	1	1	1	1	1	1	1	1	1	1	1	1	1	1	1	1	1	1	1	1	0	1	1	1	1	1	0	1	1	1	1	1	1	1	1	1	1	1	1	1	1	1	1	1	1	1	1	1	1	1	1	1	1	1	1	1	1	1	1	1	1	1	1	1	1	1	1	0	1	1	1	1	1	1	1	1	0	1	1	1	1	1	1	1	1	1	1	1	1
176	5.559302	1	1	1	1	1	1	1	1	1	1	1	1	1	1	1	1	1	1	1	1	1	1	1	1	1	1	1	1	1	1	1	1	1	1	1	0	1	1	1	1	1	1	1	1	1	1	1	1	1	1	1	1	1	1	1	1	1	1	1	1	1	1	1	1	1	1	1	1	1	1	1	1	1	1	1	1	1	1	1	1	1	1	1	1	1	1	1	1	1	1	1	1	1	1	1	1	1	1
177	.412541	1	1	1	1	1	1	1	1	1	1	1	1	1	1	1	1	1	1	1	1	1	1	1	1	1	1	1	1	1	1	1	1	1	1	1	0	1	1	1	1	1	1	1	1	1	1	1	1	1	1	1	1	1	1	1	1	1	1	1	1	1	1	1	1	1	1	1	1	1	1	1	1	1	1	1	1	0	1	1	1	1	1	1	1	1	1	1	1	1	1	1	1	1	1	1	1	1	1
178	1.141903	1	1	1	1	1	1	1	1	1	1	1	1	1	1	1	1	1	1	1	1	1	1	1	1	1	0	1	1	1	1	1	1	0	1	1	0	1	1	1	1	1	1	1	1	1	1	1	1	1	1	1	1	1	1	1	1	1	1	1	1	1	1	1	1	1	1	1	1	1	1	1	1	1	1	1	1	0	1	1	1	1	1	1	1	1	0	1	1	1	1	1	1	1	1	1	1	1	1
179	.728356	1	1	1	1	1	1	1	1	1	1	1	1	1	1	1	1	0	1	1	1	1	1	1	1	1	0	1	1	1	1	1	1	0	1	1	0	1	0	1	1	1	1	1	1	1	1	1	1	1	1	1	1	0	1	1	1	1	1	1	1	1	1	0	1	1	1	1	1	1	1	1	1	1	1	1	1	0	1	1	1	1	1	1	1	1	0	1	1	1	1	1	1	1	1	1	1	1	1
180	3.541531	1	1	1	1	1	1	1	1	1	1	1	1	1	1	1	1	1	1	1	1	1	1	1	1	1	1	1	1	1	1	1	1	1	1	1	1	1	1	1	1	1	1	1	1	1	1	1	1	1	1	1	1	1	1	1	1	1	1	1	1	1	1	1	1	1	1	1	1	1	1	1	1	1	1	1	1	0	1	1	1	1	1	1	1	1	1	1	1	1	1	1	1	1	1	1	1	1	1
181	.547939	1	1	1	1	1	1	1	1	1	1	1	1	1	1	1	1	1	1	1	1	1	1	1	1	1	0	1	1	1	1	1	1	1	1	1	1	1	1	1	1	1	1	1	1	1	1	1	1	1	1	1	1	1	1	1	1	1	1	1	1	1	1	1	1	1	1	1	1	1	1	1	1	1	1	1	1	0	1	1	1	1	1	1	1	1	0	1	1	1	1	1	1	1	1	1	1	1	1
182	.319815	1	1	1	1	1	1	1	1	1	1	1	1	1	1	1	1	1	1	1	1	1	1	1	1	1	0	1	1	1	1	1	1	0	1	1	1	1	1	1	1	1	1	1	1	1	1	1	1	1	1	1	1	1	1	1	1	1	1	1	1	1	1	1	1	1	1	1	1	1	1	1	1	1	1	1	1	0	1	1	1	1	1	1	1	1	0	1	1	1	1	1	1	1	1	1	1	1	1
183	.225253	1	1	1	1	1	1	1	1	1	1	1	1	1	1	1	1	1	1	1	1	1	1	1	1	1	0	1	1	1	1	1	1	0	1	1	1	1	1	1	1	1	1	1	1	1	1	1	1	1	1	1	1	1	1	1	1	1	1	1	1	1	1	0	1	1	1	1	1	1	1	1	1	1	1	1	1	0	1	1	1	1	1	1	1	1	0	1	1	1	1	1	1	1	1	1	1	1	1
184	10.905476	1	1	1	1	1	1	1	1	1	1	1	1	1	1	1	1	1	1	1	1	1	1	1	1	1	1	1	1	1	1	1	1	1	1	1	1	1	1	1	1	1	1	1	1	1	1	1	1	1	1	1	1	1	1	1	1	1	1	1	1	1	1	1	1	1	1	1	1	1	1	1	1	1	1	1	1	1	1	1	1	1	1	1	1	1	0	1	1	1	1	1	1	1	1	1	1	1	1
185	.136402	1	1	1	1	1	1	1	1	1	1	1	1	1	1	1	1	1	1	1	1	1	1	1	1	1	0	1	1	1	1	1	1	1	1	1	1	1	1	1	1	1	1	1	1	1	1	1	1	1	1	1	1	1	1	1	1	1	1	1	1	1	1	1	1	1	1	1	1	1	1	1	1	1	1	1	1	1	1	1	1	1	1	1	1	1	0	1	1	1	1	1	1	1	1	1	1	1	1
186	4.102457	1	1	1	1	1	1	1	1	1	1	1	1	1	1	1	1	1	1	1	1	1	1	1	1	1	0	1	1	1	1	1	1	1	1	1	1	1	1	1	1	1	1	1	1	1	1	1	1	1	1	1	1	1	1	1	1	1	1	1	1	1	1	1	1	1	1	1	1	1	1	1	1	1	1	1	1	1	1	1	1	1	1	1	1	1	1	1	1	1	1	1	1	1	1	1	1	1	1
187	.389661	1	1	1	1	1	1	1	1	1	1	1	1	1	1	1	1	1	1	1	1	1	1	1	1	1	0	1	1	1	1	1	1	0	1	1	1	1	1	1	1	1	1	1	1	1	1	1	1	1	1	1	1	1	1	1	1	1	1	1	1	1	1	1	1	1	1	1	1	1	1	1	1	1	1	1	1	1	1	1	1	1	1	1	1	1	1	1	1	1	1	1	1	1	1	1	1	1	1
188	1.316615	1	1	1	1	1	1	1	1	1	1	1	1	1	1	1	1	1	1	1	1	1	1	1	1	1	0	1	1	1	1	1	1	0	1	1	1	1	1	1	1	1	1	1	1	1	1	1	1	1	1	1	1	1	1	1	1	1	1	1	1	1	1	0	1	1	1	1	1	1	1	1	1	1	1	1	1	1	1	1	1	1	1	1	1	1	1	1	1	1	1	1	1	1	1	1	1	1	1
189	.092856	1	1	1	1	1	1	1	1	1	1	1	1	1	1	1	1	0	1	1	1	1	1	1	1	1	0	1	1	1	1	1	1	0	1	1	1	1	0	1	1	1	1	1	1	1	1	1	1	1	1	1	1	0	1	1	1	1	1	1	1	1	1	0	1	1	1	1	1	1	1	1	1	1	1	1	1	1	1	1	1	1	1	1	1	1	1	1	1	1	1	1	1	1	1	1	1	1	1
190	3.507641	1	1	1	1	1	1	1	1	1	1	1	1	1	1	1	1	1	1	1	1	1	1	1	1	1	1	1	1	1	1	1	1	0	1	1	1	1	1	1	1	1	1	1	1	1	1	1	1	1	1	1	1	1	1	1	1	1	1	1	1	1	1	1	1	1	1	1	1	1	1	1	1	1	1	1	1	1	1	1	1	1	1	1	1	1	1	1	1	1	1	1	1	1	1	1	1	1	1
191	2.969718	1	1	1	1	1	1	1	1	1	1	1	1	1	1	1	1	1	1	1	1	1	1	1	1	1	1	1	1	1	1	1	1	0	1	1	1	1	1	1	1	1	1	1	1	1	1	1	1	1	1	1	1	1	1	1	1	1	1	1	1	1	1	0	1	1	1	1	1	1	1	1	1	1	1	1	1	1	1	1	1	1	1	1	1	1	1	1	1	1	1	1	1	1	1	1	1	1	1
192	.111259	1	1	1	1	1	1	1	1	1	1	1	1	1	1	1	1	0	1	1	1	1	1	1	1	1	1	1	1	1	1	1	1	0	1	1	1	1	0	1	1	1	1	1	1	1	1	1	1	1	1	1	1	0	1	1	1	1	1	0	1	1	1	0	1	1	1	1	0	1	1	1	1	1	1	1	1	1	1	1	1	1	1	1	1	1	1	1	1	1	1	1	1	1	1	1	1	1	1
193	4.769861	1	1	1	1	1	1	1	1	1	1	1	1	1	1	1	1	1	1	1	1	1	1	1	1	1	1	1	1	1	1	1	1	1	1	1	1	1	1	1	1	1	1	1	1	1	1	1	1	1	1	1	1	1	1	1	1	1	1	1	1	1	1	0	1	1	1	1	1	1	1	1	1	1	1	1	1	1	1	1	1	1	1	1	1	1	1	1	1	1	1	1	1	1	1	1	1	1	1
194	8.438361	1	1	1	1	1	1	1	1	1	1	1	1	1	1	1	1	1	1	1	1	1	1	1	1	1	1	1	1	1	1	1	1	1	1	1	1	1	0	1	1	1	1	1	1	1	1	1	1	1	1	1	1	1	1	1	1	1	1	1	1	1	1	1	1	1	1	1	1	1	1	1	1	1	1	1	1	1	1	1	1	1	1	1	1	1	1	1	1	1	1	1	1	1	1	1	1	1	1
195	1.861518	1	1	1	1	1	1	1	1	1	1	1	1	1	1	1	1	1	1	1	1	1	1	1	1	1	1	1	1	1	1	1	1	1	1	1	1	1	0	1	1	1	1	1	1	1	1	1	1	1	1	1	1	0	1	1	1	1	1	1	1	1	1	1	1	1	1	1	1	1	1	1	1	1	1	1	1	1	1	1	1	1	1	1	1	1	1	1	1	1	1	1	1	1	1	1	1	1	1
196	.011631	1	1	1	1	1	1	1	1	1	1	1	1	1	1	1	1	0	1	1	1	1	1	1	1	1	1	1	1	1	1	1	1	1	1	1	1	1	0	1	1	1	1	1	1	1	1	1	1	1	1	1	1	0	1	1	1	1	1	1	1	1	1	1	1	1	1	1	0	1	1	1	1	1	1	1	1	1	1	1	1	1	1	1	1	1	1	1	1	1	1	1	1	1	1	1	1	1	1
197	4.49699	1	1	1	1	1	1	1	1	1	1	1	1	1	1	1	1	1	1	1	1	1	1	1	1	1	1	1	1	1	1	1	1	1	1	1	1	1	1	1	1	1	1	1	1	1	1	1	1	1	1	1	1	0	1	1	1	1	1	1	1	1	1	1	1	1	1	1	1	1	1	1	1	1	1	1	1	1	1	1	1	1	1	1	1	1	1	1	1	1	1	1	1	1	1	1	1	1	1
198	1.054617	1	1	1	1	1	1	1	1	1	1	1	1	1	1	1	1	0	1	1	1	1	1	1	1	1	1	1	1	1	1	1	1	1	1	1	1	1	1	1	1	1	1	1	1	1	1	1	1	1	1	1	1	0	1	1	1	1	1	1	1	1	1	1	1	1	1	1	0	1	1	1	1	1	1	1	1	1	1	1	1	1	1	1	1	1	1	1	1	1	1	1	1	1	1	1	1	1	1
199	.129925	1	1	1	1	1	1	1	1	1	1	1	1	1	1	1	1	0	1	1	1	1	1	1	1	1	1	1	1	1	1	1	1	1	1	1	1	1	1	1	1	1	1	1	1	1	1	1	1	1	1	1	1	0	1	1	1	1	1	0	1	1	1	1	1	1	1	1	0	1	0	1	1	1	1	1	1	1	1	1	1	1	1	1	1	1	1	1	1	1	1	1	1	1	1	1	1	1	1
200	4.544956	1	1	1	1	1	1	1	1	1	1	1	1	1	1	1	1	0	1	1	1	1	1	1	1	1	1	1	1	1	1	1	1	1	1	1	1	1	1	1	1	1	1	1	1	1	1	1	1	1	1	1	1	1	1	1	1	1	1	1	1	1	1	1	1	1	1	1	1	1	1	1	1	1	1	1	1	1	1	1	1	1	1	1	1	1	1	1	1	1	1	1	1	1	1	1	1	1	1
201	2.393958	1	1	1	1	1	1	1	1	1	1	1	1	1	1	1	1	1	1	1	1	1	1	1	1	1	1	1	1	1	1	1	1	1	1	1	1	1	1	1	1	1	1	1	1	1	1	1	1	1	1	1	1	1	1	1	1	1	1	1	1	1	1	1	1	1	1	1	0	1	1	1	1	1	1	1	1	1	1	1	1	1	1	1	1	1	1	1	1	1	1	1	1	1	1	1	1	1	1
202	3.44798	1	1	1	1	1	1	1	1	1	1	1	1	1	1	1	1	1	1	1	1	1	1	1	1	1	1	1	1	1	1	1	1	1	1	1	1	1	1	1	1	1	1	1	1	1	1	1	1	1	1	1	1	1	1	1	1	1	1	0	1	1	1	1	1	1	1	1	0	1	1	1	1	1	1	1	1	1	1	1	1	1	1	1	1	1	1	1	1	1	1	1	1	1	1	1	1	1	1
203	2.988694	1	1	1	1	1	1	1	1	1	1	1	1	1	1	1	1	1	1	1	1	1	1	1	1	1	1	1	1	1	1	1	1	1	1	1	1	1	1	1	1	1	1	1	1	1	1	1	1	1	1	1	1	1	1	1	1	1	1	0	1	1	1	1	1	1	1	1	1	1	1	1	1	1	1	1	1	1	1	1	1	1	1	1	1	1	1	1	1	1	1	1	1	1	1	1	1	1	1
204	11.003978	1	1	1	1	1	1	1	1	1	1	1	1	1	1	1	1	1	1	1	1	1	1	1	1	1	1	1	1	1	1	1	1	1	1	1	1	1	1	1	1	1	1	1	1	1	1	1	1	1	1	1	1	1	1	1	1	1	1	1	1	1	1	1	1	1	1	1	1	1	0	1	1	1	1	1	1	1	1	1	1	1	1	1	1	1	1	1	1	1	1	1	1	1	1	1	1	1	1
205	.509817	1	1	1	1	1	1	1	1	1	1	1	1	1	1	1	1	1	1	1	1	1	1	1	1	1	1	1	1	1	1	1	1	1	1	1	1	1	1	1	1	1	1	1	1	1	1	1	1	1	1	1	1	1	1	1	1	1	1	1	1	1	1	1	1	1	1	1	1	1	0	1	0	1	1	1	1	1	1	1	1	1	1	1	1	1	1	1	1	1	1	1	1	1	1	1	1	1	1
206	8.170444	1	1	1	1	1	1	1	1	1	1	1	1	1	1	1	1	1	1	1	1	1	1	1	1	1	1	1	1	1	1	1	1	1	1	1	1	1	1	1	1	1	1	1	1	1	1	1	1	1	1	1	1	1	1	1	1	1	1	1	1	1	1	1	1	1	1	1	1	1	1	1	0	1	1	1	1	1	1	1	1	1	1	1	1	1	1	1	1	1	1	1	1	1	1	1	1	1	1
207	8.760855	1	1	1	1	1	1	1	1	1	1	1	0	1	1	1	1	1	1	1	1	1	1	1	1	1	1	1	1	1	1	1	1	1	1	1	1	1	1	1	1	1	1	1	1	1	1	1	1	1	1	1	1	1	1	1	1	1	1	1	1	1	1	1	1	1	1	1	1	1	1	1	0	1	1	1	1	1	1	1	1	1	1	1	1	1	1	1	1	1	1	1	1	1	1	1	1	1	1
208	7.01521	1	1	1	1	1	1	1	1	1	1	1	0	1	1	1	1	1	1	1	1	1	1	1	1	1	1	1	1	1	1	1	1	1	1	1	1	1	1	1	1	1	1	1	1	1	1	1	1	1	1	1	1	1	1	1	1	1	1	1	1	1	1	1	1	1	1	1	1	1	1	1	1	1	1	1	1	1	1	1	1	1	1	1	1	1	1	1	1	1	1	1	1	1	1	1	1	1	1
209	10.790903	1	1	1	1	1	1	1	1	1	1	1	1	1	1	1	1	1	1	1	1	1	1	1	1	1	1	1	1	1	1	1	1	1	1	1	1	1	1	1	1	1	1	1	1	1	1	1	1	1	1	1	1	1	1	1	1	1	1	1	1	1	1	1	1	1	1	1	1	1	1	1	1	1	1	1	0	1	1	1	1	1	1	1	1	1	1	1	1	1	1	1	1	1	1	1	1	1	1
210	13.507219	1	1	1	1	1	1	1	1	1	1	1	1	1	1	1	1	1	1	1	1	1	1	1	1	1	1	1	1	1	1	1	1	1	1	1	1	1	1	1	1	1	1	1	1	1	1	1	1	1	1	1	1	1	1	1	1	1	1	1	1	1	0	1	1	1	1	1	1	1	1	1	1	1	1	1	1	1	1	1	1	1	1	1	1	1	1	1	1	1	1	1	1	1	1	1	1	1	1
211	10.700187	1	1	1	1	1	1	1	1	1	1	1	1	1	1	1	0	1	1	1	1	1	1	1	1	1	1	1	1	1	1	1	1	1	1	1	1	1	1	1	1	1	1	1	1	1	1	1	1	1	1	1	1	1	1	1	1	1	1	1	1	1	1	1	1	1	1	1	1	1	1	1	1	1	1	1	1	1	1	1	1	1	1	1	1	1	1	1	1	1	1	1	1	1	1	1	1	1	1
212	.575542	1	1	1	1	1	1	1	1	1	1	1	1	1	1	1	0	1	1	1	1	1	1	1	1	1	1	1	1	1	1	1	1	1	1	1	1	1	1	1	1	1	1	1	1	1	1	1	1	1	1	1	1	1	1	1	1	1	1	1	1	1	1	1	1	1	1	1	1	1	1	1	1	1	1	1	1	1	1	1	1	1	1	1	1	1	1	1	1	1	0	1	1	1	1	1	1	1	1
213	.762545	1	1	1	1	1	1	1	1	1	1	1	1	1	1	1	0	1	1	1	1	1	1	1	1	1	1	1	1	1	1	1	1	1	1	1	1	1	1	1	1	1	1	1	1	1	1	1	1	1	1	1	1	1	1	1	1	1	1	1	1	1	1	1	1	1	1	1	1	1	1	1	1	0	1	1	1	1	1	1	1	1	1	1	1	1	1	1	1	1	0	1	1	1	1	1	1	1	1
214	7.227525	1	1	1	1	1	1	1	1	1	1	1	1	1	1	1	1	1	1	1	1	1	1	1	1	1	1	1	1	1	1	1	1	1	1	1	1	1	1	1	1	1	1	1	1	1	1	1	1	1	1	1	1	1	1	1	1	1	1	1	1	1	1	1	1	1	1	1	1	1	1	1	1	1	1	1	1	1	1	1	1	1	1	1	1	1	1	1	1	1	0	1	1	1	1	1	1	1	1
215	1.01785	1	1	1	1	1	1	1	1	1	1	1	1	1	1	1	1	1	1	1	1	1	1	1	1	1	1	1	1	1	1	1	1	1	1	1	1	1	1	1	1	1	1	1	1	1	1	1	1	1	1	1	1	1	1	1	1	1	1	1	1	1	1	1	1	1	1	1	1	1	1	1	1	0	1	1	1	1	1	1	1	1	1	1	1	1	1	1	1	1	0	1	1	1	1	1	1	1	1
216	9.858138	1	1	1	1	1	1	1	1	1	1	1	1	1	1	1	1	1	1	1	1	1	1	1	1	1	1	1	1	1	1	1	1	1	1	1	1	1	1	1	1	1	1	1	1	1	1	1	1	1	1	1	1	1	1	1	1	1	1	1	1	1	1	1	1	1	1	1	1	1	1	1	1	0	1	1	1	1	1	1	1	1	1	1	1	1	1	1	1	1	1	1	1	1	1	1	1	1	1
217	17.413637	1	1	1	1	1	1	1	1	1	1	1	1	1	1	1	1	1	1	1	1	1	1	1	1	1	1	1	1	1	1	1	1	1	1	1	1	1	1	1	1	1	1	1	1	1	1	1	1	1	1	1	1	1	1	1	1	1	1	1	1	0	1	1	1	1	1	1	1	1	1	1	1	1	1	1	1	1	1	1	1	1	1	1	1	1	1	1	1	1	1	1	1	1	1	1	1	1	1
218	15.166834	1	1	1	1	1	1	1	1	1	1	1	1	1	1	1	1	1	1	1	1	1	1	1	1	1	1	1	1	1	1	1	1	1	1	1	1	1	1	1	1	1	1	1	1	1	1	1	1	1	1	1	1	1	1	1	1	1	1	1	1	1	1	1	1	1	1	1	1	1	1	1	1	1	1	1	1	1	1	1	1	1	1	1	1	1	1	1	0	1	1	1	1	1	1	1	1	1	1
219	11.699869	1	1	1	1	1	1	1	1	1	1	1	1	1	1	1	1	1	1	1	1	1	1	1	1	1	1	1	0	1	1	1	1	1	1	1	1	1	1	1	1	1	1	1	1	1	1	1	1	1	1	1	1	1	1	1	1	1	1	1	1	1	1	1	1	1	1	1	1	1	1	1	1	1	1	1	1	1	1	1	1	1	1	1	1	1	1	1	1	1	1	1	1	1	1	1	1	1	1
220	18.554037	1	1	1	1	1	1	1	1	1	1	1	1	1	1	1	1	1	1	1	1	1	1	1	1	1	1	1	1	1	1	1	1	1	1	1	1	1	1	1	1	1	1	1	1	1	1	1	1	1	1	1	1	1	1	1	0	1	1	1	1	1	1	1	1	1	1	1	1	1	1	1	1	1	1	1	1	1	1	1	1	1	1	1	1	1	1	1	1	1	1	1	1	1	1	1	1	1	1
221	19.702229	1	1	1	1	1	1	1	1	1	1	1	1	1	1	1	1	1	1	1	1	1	1	1	1	1	1	1	1	1	1	1	1	1	1	1	1	1	1	1	1	1	1	1	1	1	1	1	1	1	1	1	1	1	1	1	1	1	1	1	1	1	1	1	1	1	1	1	1	1	1	1	1	1	1	0	1	1	1	1	1	1	1	1	1	1	1	1	1	1	1	1	1	1	1	1	1	1	1
222	1.355673	1	0	1	1	1	0	1	1	0	0	1	1	0	1	1	1	1	0	1	1	0	1	0	0	0	1	1	1	0	1	1	0	1	1	0	1	0	1	1	0	0	0	1	0	1	0	0	1	1	0	1	0	1	1	1	1	1	0	1	1	1	1	1	0	0	1	0	1	0	1	1	1	1	1	0	1	1	0	0	0	0	0	0	1	1	1	0	1	0	1	1	1	0	1	0	0	0	1
223	16.232952	1	1	1	1	1	1	1	1	1	1	1	1	1	1	1	1	1	1	1	1	1	1	1	1	1	1	1	1	1	1	1	1	1	1	1	1	1	1	1	1	1	1	1	1	1	1	1	1	1	1	1	1	1	1	1	1	1	1	1	1	1	1	1	1	1	1	1	1	1	1	1	1	1	1	1	1	1	1	1	1	1	1	1	1	1	1	1	1	1	1	1	1	1	1	0	1	1	1
224	2.251379	1	0	1	1	1	0	1	1	0	0	1	1	0	1	1	1	1	0	1	1	1	1	0	0	0	1	1	1	0	1	1	0	1	1	0	1	1	1	1	0	0	1	1	0	1	0	0	1	1	0	1	1	1	1	1	1	1	0	1	1	1	1	1	1	0	1	0	1	0	1	1	1	1	1	1	1	1	0	0	0	0	0	0	1	1	1	0	1	0	1	1	1	0	1	0	0	0	1
225	8.343265	1	0	1	1	1	0	1	1	0	0	1	1	0	1	1	1	1	0	1	1	0	1	0	0	0	1	1	1	0	1	1	0	1	1	0	1	1	1	1	0	0	1	1	0	1	0	0	1	1	0	1	0	1	1	1	1	1	0	1	1	1	1	1	1	0	1	0	1	0	1	1	1	1	1	1	1	1	0	0	0	0	0	0	1	1	1	0	1	0	1	1	1	0	1	0	0	0	1
226	40.188629	1	1	1	1	1	1	1	1	1	1	1	1	1	1	1	1	1	1	1	1	1	1	1	1	0	1	1	1	1	1	1	1	1	1	1	1	1	1	1	1	1	1	1	1	1	1	1	1	1	1	1	1	1	1	1	1	1	1	1	1	1	1	1	1	1	1	1	1	1	1	1	1	1	1	1	1	1	1	1	1	1	1	1	1	1	1	1	1	1	1	1	1	1	1	1	1	1	1
227	.044761	1	0	1	1	1	0	1	1	0	0	1	1	0	1	1	1	1	0	1	1	1	1	0	0	0	1	1	1	0	1	1	0	1	1	0	1	1	1	1	0	0	1	1	0	1	0	0	1	1	0	1	1	1	1	1	1	1	0	1	1	1	1	1	1	0	1	0	1	0	1	1	1	1	1	1	1	1	0	0	0	0	0	0	1	1	1	0	1	0	1	1	1	0	1	1	0	1	1
228	1.577133	1	0	1	1	1	0	1	1	0	0	1	1	0	1	1	1	1	0	1	1	0	1	0	0	0	1	1	1	0	1	1	0	1	1	0	1	1	1	1	0	0	0	1	0	1	0	0	1	1	0	1	0	1	1	1	1	1	0	1	1	1	1	1	1	0	1	0	1	0	1	1	1	1	1	1	1	1	0	0	0	0	0	0	1	1	1	0	1	0	1	1	1	0	1	1	0	0	1
229	3.595	1	0	1	1	1	0	1	1	0	0	1	1	0	1	1	1	1	0	1	1	0	1	0	0	0	1	1	1	0	1	1	0	1	1	0	1	0	1	1	0	0	0	1	0	1	0	0	1	1	0	1	0	1	1	1	1	1	0	1	1	1	1	1	1	0	1	0	1	0	1	1	1	1	1	1	1	1	0	0	0	0	0	0	1	1	1	0	1	0	1	1	1	0	1	1	0	0	1
230	6.888222	1	0	1	1	1	0	1	1	0	0	1	1	0	1	1	1	1	0	1	1	0	1	0	0	0	1	1	1	0	1	1	0	1	1	0	1	0	1	1	0	0	0	1	0	1	0	0	1	1	0	1	0	1	1	1	1	1	0	1	1	1	1	1	0	0	1	0	1	0	1	1	1	1	1	1	1	1	0	0	0	0	0	0	1	1	1	0	1	0	1	1	1	0	1	1	0	0	1
231	32.182945	1	1	1	1	1	1	1	1	1	1	1	1	1	1	1	1	1	1	1	1	1	1	1	1	1	1	1	1	1	1	1	1	1	1	1	1	1	1	1	1	1	1	1	1	1	1	1	1	1	1	1	1	1	1	1	1	1	1	1	1	1	1	1	1	1	1	1	1	1	1	1	1	1	1	1	1	1	1	1	0	1	1	1	1	1	1	1	1	1	1	1	1	1	1	1	1	1	1
232	33.665012	1	1	1	1	1	0	1	1	1	1	1	1	1	1	1	1	1	1	1	1	1	1	1	1	1	1	1	1	1	1	1	1	1	1	1	1	1	1	1	1	1	1	1	1	1	1	1	1	1	1	1	1	1	1	1	1	1	1	1	1	1	1	1	1	1	1	1	1	1	1	1	1	1	1	1	1	1	1	1	1	1	1	1	1	1	1	1	1	1	1	1	1	1	1	1	1	1	1
233	32.873653	1	1	1	1	1	1	1	1	1	1	1	1	1	1	1	1	1	1	1	1	1	1	0	1	1	1	1	1	1	1	1	1	1	1	1	1	1	1	1	1	1	1	1	1	1	1	1	1	1	1	1	1	1	1	1	1	1	1	1	1	1	1	1	1	1	1	1	1	1	1	1	1	1	1	1	1	1	1	1	1	1	1	1	1	1	1	1	1	1	1	1	1	1	1	1	1	1	1
234	6.742413	1	1	1	1	1	1	1	1	1	1	1	1	1	1	1	1	1	0	1	1	1	1	0	1	1	1	1	1	1	1	1	1	1	1	1	1	1	1	1	1	1	1	1	1	1	1	1	1	1	1	1	1	1	1	1	1	1	1	1	1	1	1	1	1	1	1	1	1	1	1	1	1	1	1	1	1	1	1	1	1	1	1	1	1	1	1	1	1	1	1	1	1	1	1	1	1	1	1
235	.341247	1	0	1	1	1	1	1	1	0	0	1	1	0	1	1	1	1	0	1	1	1	1	0	0	1	1	1	1	0	1	1	0	1	1	0	1	1	1	1	0	0	1	1	0	1	0	0	1	1	0	1	1	1	1	1	1	1	0	1	1	1	1	1	1	0	1	0	1	0	1	1	1	1	1	1	1	1	0	0	1	0	0	0	1	1	1	0	1	0	1	1	1	0	1	1	0	0	1
236	29.644043	1	1	1	1	1	1	1	1	1	1	1	1	1	1	1	1	1	0	1	1	1	1	1	1	1	1	1	1	1	1	1	1	1	1	1	1	1	1	1	1	1	1	1	1	1	1	1	1	1	1	1	1	1	1	1	1	1	1	1	1	1	1	1	1	1	1	1	1	1	1	1	1	1	1	1	1	1	1	1	1	1	1	1	1	1	1	1	1	1	1	1	1	1	1	1	1	1	1
237	2.191926	1	0	1	1	1	1	1	1	0	0	1	1	0	1	1	1	1	0	1	1	1	1	1	0	1	1	1	1	0	1	1	0	1	1	0	1	1	1	1	0	0	1	1	0	1	0	0	1	1	0	1	1	1	1	1	1	1	0	1	1	1	1	1	1	0	1	0	1	0	1	1	1	1	1	1	1	1	0	0	1	0	0	0	1	1	1	0	1	0	1	1	1	0	1	1	0	0	1
238	3.111599	1	0	1	1	1	1	1	1	0	0	1	1	0	1	1	1	1	0	1	1	0	1	1	0	1	1	1	1	0	1	1	0	1	1	0	1	1	1	1	0	0	1	1	0	1	0	0	1	1	0	1	1	1	1	1	1	1	0	1	1	1	1	1	1	0	1	0	1	0	1	1	1	1	1	1	1	1	0	0	1	0	0	0	1	1	1	0	1	0	1	1	1	0	1	1	0	0	1
239	55.569004	1	1	1	1	1	1	1	1	1	1	1	1	1	1	1	1	1	1	1	1	1	1	1	1	1	1	1	1	0	1	1	1	1	1	1	1	1	1	1	1	1	1	1	1	1	1	1	1	1	1	1	1	1	1	1	1	1	1	1	1	1	1	1	1	1	1	1	1	1	1	1	1	1	1	1	1	1	1	1	1	1	1	1	1	1	1	1	1	1	1	1	1	1	1	1	1	1	1
240	1.213394	1	0	1	1	1	1	1	1	0	0	1	1	0	1	1	1	1	1	1	1	1	1	1	0	1	1	1	1	0	1	1	0	1	1	0	1	1	1	1	0	0	1	1	0	1	0	0	1	1	0	1	1	1	1	1	1	1	0	1	1	1	1	1	1	0	1	0	1	0	1	1	1	1	1	1	1	1	0	0	1	0	0	0	1	1	1	0	1	0	1	1	1	1	1	1	0	1	1
241	.01437	1	0	1	1	1	1	1	1	0	0	1	1	0	1	1	1	1	1	1	1	1	1	1	0	1	1	1	1	0	1	1	0	1	1	0	1	1	1	1	0	0	1	1	0	1	0	0	1	1	0	1	1	1	1	1	1	1	0	1	1	1	1	1	1	0	1	0	1	0	1	1	1	1	1	1	1	1	0	0	1	0	0	0	1	1	1	0	1	0	1	1	1	0	1	1	0	1	1
242	.026449	1	0	1	1	1	1	1	1	0	0	1	1	0	1	1	1	1	1	1	1	1	1	1	0	1	1	1	1	0	1	1	0	1	1	0	1	1	1	1	0	0	1	1	0	1	0	0	1	1	0	1	1	1	1	1	1	1	0	1	1	1	1	1	1	0	1	0	1	0	1	1	1	1	1	1	1	1	0	0	1	0	0	0	1	1	1	0	1	0	1	1	1	0	1	1	0	0	1
243	.015687	1	0	1	1	1	1	1	1	0	0	1	1	0	1	1	1	1	1	1	1	0	1	1	0	1	1	1	1	0	1	1	0	1	1	0	1	1	1	1	0	0	1	1	0	1	0	0	1	1	0	1	1	1	1	1	1	1	0	1	1	1	1	1	1	0	1	0	1	0	1	1	1	1	1	1	1	1	0	0	1	0	0	0	1	1	1	0	1	0	1	1	1	0	1	1	0	0	1
244	.014134	1	0	1	1	1	1	1	1	0	0	1	1	0	1	1	1	1	1	1	1	0	1	1	0	1	1	1	1	0	1	1	0	1	1	0	1	1	1	1	0	0	1	1	0	1	0	0	1	1	0	1	0	1	1	1	1	1	0	1	1	1	1	1	1	0	1	0	1	0	1	1	1	1	1	1	1	1	0	0	1	0	0	0	1	1	1	0	1	0	1	1	1	0	1	1	0	0	1
245	5.476126	1	0	1	1	1	1	1	1	0	0	1	1	0	1	1	1	1	1	1	1	0	1	1	0	1	1	1	1	0	1	1	0	1	1	0	1	1	1	1	0	0	0	1	0	1	0	0	1	1	0	1	0	1	1	1	1	1	0	1	1	1	1	1	1	0	1	0	1	0	1	1	1	1	1	1	1	1	0	0	1	0	0	0	1	1	1	0	1	0	1	1	1	0	1	1	0	0	1
246	2.10951	1	0	1	1	1	1	1	1	0	0	1	1	0	1	1	1	1	1	1	1	0	1	1	0	1	1	1	1	0	1	1	0	1	1	0	1	0	1	1	0	0	0	1	0	1	0	0	1	1	0	1	0	1	1	1	1	1	0	1	1	1	1	1	1	0	1	0	1	0	1	1	1	1	1	1	1	1	0	0	1	0	0	0	1	1	1	0	1	0	1	1	1	0	1	1	0	0	1
247	.968898	1	0	1	1	1	1	1	1	0	0	1	1	0	1	1	1	1	1	1	1	0	1	1	0	1	1	1	1	0	1	1	0	1	1	0	1	0	1	1	0	0	0	1	0	1	0	0	1	1	0	1	0	1	1	1	1	0	0	1	1	1	1	1	0	0	1	0	1	0	1	1	1	1	1	1	1	1	0	0	1	0	0	0	1	1	1	0	1	0	1	1	1	0	1	1	0	0	1
248	31.346785	1	1	1	1	1	1	1	1	1	1	1	1	1	1	1	1	1	1	1	1	1	1	1	1	1	1	1	1	1	1	1	1	1	1	1	1	1	1	1	0	1	1	1	1	1	1	1	1	1	1	1	1	1	1	1	1	1	1	1	1	1	1	1	1	1	1	1	1	1	1	1	1	1	1	1	1	1	1	1	1	1	1	1	1	1	1	1	1	1	1	1	1	1	1	1	1	1	1
249	37.210217	1	1	1	1	1	1	1	1	1	1	1	1	1	1	1	1	1	1	1	1	1	1	1	1	1	1	1	1	1	1	1	1	1	1	1	1	1	1	1	1	1	1	1	1	1	0	1	1	1	1	1	1	1	1	1	1	1	1	1	1	1	1	1	1	1	1	1	1	1	1	1	1	1	1	1	1	1	1	1	1	1	1	1	1	1	1	1	1	1	1	1	1	1	1	1	1	1	1
250	1.047104	1	1	1	1	1	1	1	1	1	1	1	1	1	1	1	1	1	1	1	1	1	1	1	1	1	1	1	1	1	1	1	1	1	1	1	1	1	1	1	1	1	1	1	1	1	0	1	1	1	1	1	1	1	1	1	1	1	1	1	1	1	1	1	1	1	1	1	1	1	1	1	1	1	1	1	1	1	1	1	1	0	1	1	1	1	1	1	1	1	1	1	1	1	1	1	1	1	1
251	.01146	1	0	1	1	1	1	1	1	0	0	1	1	0	1	1	1	1	1	1	1	1	1	1	0	1	1	1	1	1	1	1	0	1	1	0	1	1	1	1	1	0	1	1	0	1	0	0	1	1	0	1	1	1	1	1	1	1	0	1	1	1	1	1	1	0	1	0	1	0	1	1	1	1	1	1	1	1	0	0	1	0	0	0	1	1	1	0	1	0	1	1	1	0	1	1	0	1	1
252	.014848	1	0	1	1	1	1	1	1	0	0	1	1	0	1	1	1	1	1	1	1	1	1	1	0	1	1	1	1	1	1	1	0	1	1	0	1	1	1	1	1	0	1	1	0	1	0	0	1	1	0	1	1	1	1	1	1	1	0	1	1	1	1	1	1	0	1	0	1	0	1	1	1	1	1	1	1	1	0	0	1	0	0	0	1	1	1	0	1	0	1	1	1	0	1	1	0	0	1
253	28.819719	1	1	1	1	1	1	1	1	1	1	1	1	1	1	1	1	1	1	1	1	1	1	1	1	1	1	1	1	1	1	1	1	1	1	1	1	1	1	1	1	1	1	1	1	1	1	1	1	1	1	1	1	1	1	1	1	1	1	1	1	1	1	1	1	1	1	1	1	1	1	1	1	1	1	1	1	1	1	1	1	0	1	1	1	1	1	1	1	1	1	1	1	1	1	1	1	1	1
254	.010706	1	0	1	1	1	1	1	1	0	0	1	1	0	1	1	1	1	1	1	1	1	1	1	0	1	1	1	1	1	1	1	0	1	1	0	1	1	1	1	1	0	1	1	0	1	1	0	1	1	0	1	1	1	1	1	1	1	0	1	1	1	1	1	1	0	1	0	1	0	1	1	1	1	1	1	1	1	0	0	1	0	0	0	1	1	1	0	1	0	1	1	1	0	1	1	0	1	1
255	.013056	1	0	1	1	1	1	1	1	0	0	1	1	0	1	1	1	1	1	1	1	1	1	1	0	1	1	1	1	1	1	1	0	1	1	0	1	1	1	1	1	0	1	1	0	1	1	0	1	1	0	1	1	1	1	1	1	1	0	1	1	1	1	1	1	0	1	0	1	0	1	1	1	1	1	1	1	1	0	0	1	0	0	0	1	1	1	0	1	0	1	1	1	0	1	1	0	0	1
256	34.696796	1	1	1	1	1	1	1	1	1	1	1	1	1	1	1	1	1	1	1	1	1	1	1	1	1	1	1	1	1	1	1	1	1	1	1	1	1	1	1	1	1	1	1	1	1	1	1	1	1	1	1	1	1	1	1	1	1	1	1	1	1	1	1	1	1	1	1	1	0	1	1	1	1	1	1	1	1	1	1	1	1	1	1	1	1	1	1	1	1	1	1	1	1	1	1	1	1	1
257	34.152843	1	1	1	1	1	1	1	1	0	1	1	1	1	1	1	1	1	1	1	1	1	1	1	1	1	1	1	1	1	1	1	1	1	1	1	1	1	1	1	1	1	1	1	1	1	1	1	1	1	1	1	1	1	1	1	1	1	1	1	1	1	1	1	1	1	1	1	1	1	1	1	1	1	1	1	1	1	1	1	1	1	1	1	1	1	1	1	1	1	1	1	1	1	1	1	1	1	1
258	39.145908	1	1	1	1	1	1	1	1	1	1	1	1	1	1	1	1	1	1	1	1	1	1	1	0	1	1	1	1	1	1	1	1	1	1	1	1	1	1	1	1	1	1	1	1	1	1	1	1	1	1	1	1	1	1	1	1	1	1	1	1	1	1	1	1	1	1	1	1	1	1	1	1	1	1	1	1	1	1	1	1	1	1	1	1	1	1	1	1	1	1	1	1	1	1	1	1	1	1
259	4.351985	1	1	1	1	1	1	1	1	1	1	1	1	1	1	1	1	1	1	1	1	1	1	1	0	1	1	1	1	1	1	1	1	1	1	1	1	1	1	1	1	1	1	1	0	1	1	1	1	1	1	1	1	1	1	1	1	1	1	1	1	1	1	1	1	1	1	1	1	1	1	1	1	1	1	1	1	1	1	1	1	1	1	1	1	1	1	1	1	1	1	1	1	1	1	1	1	1	1
260	7.03449	1	0	1	1	1	1	1	1	1	0	1	1	0	1	1	1	1	1	1	1	0	1	1	0	1	1	1	1	1	1	1	0	1	1	0	1	1	1	1	1	0	1	1	0	1	1	0	1	1	0	1	1	1	1	1	1	1	0	1	1	1	1	1	1	0	1	0	1	1	1	1	1	1	1	1	1	1	0	0	1	1	0	0	1	1	1	0	1	0	1	1	1	0	1	1	0	0	1
261	2.356391	1	0	1	1	1	1	1	1	1	0	1	1	0	1	1	1	1	1	1	1	0	1	1	0	1	1	1	1	1	1	1	0	1	1	0	1	0	1	1	1	0	0	1	0	1	1	0	1	1	0	1	0	1	1	1	1	1	0	1	1	1	1	1	1	0	1	0	1	1	1	1	1	1	1	1	1	1	0	0	1	1	0	0	1	1	1	0	1	0	1	1	1	0	1	1	0	0	1
262	43.867081	1	1	1	1	1	1	1	1	1	1	1	1	1	1	1	1	1	1	1	1	1	1	1	1	1	1	1	1	1	1	1	1	1	1	1	1	1	1	1	1	1	1	1	0	1	1	1	1	1	1	1	1	1	1	1	1	1	1	1	1	1	1	1	1	1	1	1	1	1	1	1	1	1	1	1	1	1	1	1	1	1	1	1	1	1	1	1	1	1	1	1	1	1	1	1	1	1	1
263	4.331781	1	0	1	1	1	1	1	1	1	0	1	1	0	1	1	1	1	1	1	1	0	1	1	1	1	1	1	1	1	1	1	0	1	1	0	1	1	1	1	1	0	0	1	0	1	1	0	1	1	0	1	0	1	1	1	1	1	0	1	1	1	1	1	1	0	1	0	1	1	1	1	1	1	1	1	1	1	0	0	1	1	0	0	1	1	1	0	1	0	1	1	1	0	1	1	0	0	1
264	31.85832	1	1	1	1	1	1	1	1	1	1	1	1	1	1	1	1	1	1	1	1	1	1	1	1	1	1	1	1	1	1	1	1	1	1	1	1	1	1	1	1	0	1	1	1	1	1	1	1	1	1	1	1	1	1	1	1	1	1	1	1	1	1	1	1	1	1	1	1	1	1	1	1	1	1	1	1	1	1	1	1	1	1	1	1	1	1	1	1	1	1	1	1	1	1	1	1	1	1
265	54.309132	1	1	1	1	1	1	1	1	1	1	1	1	1	1	1	1	1	1	1	1	1	1	1	1	1	1	1	1	1	1	1	1	1	1	1	1	1	1	1	1	1	1	1	1	1	1	1	1	1	1	1	1	1	1	1	1	1	1	1	1	1	1	1	1	1	1	1	1	1	1	1	1	1	1	1	1	1	0	1	1	1	1	1	1	1	1	1	1	1	1	1	1	1	1	1	1	1	1
266	3.583778	1	0	1	1	1	1	1	1	1	0	1	1	0	1	1	1	1	1	1	1	0	1	1	1	1	1	1	1	1	1	1	0	1	1	0	1	1	1	1	1	1	0	1	1	1	1	0	1	1	0	1	0	1	1	1	1	1	0	1	1	1	1	1	1	0	1	0	1	1	1	1	1	1	1	1	1	1	0	0	1	1	0	0	1	1	1	0	1	0	1	1	1	0	1	1	0	0	1
267	51.352196	1	1	1	1	1	1	1	1	1	1	1	1	1	1	1	1	1	1	1	1	1	1	1	1	1	1	1	1	1	1	1	1	1	1	1	1	1	1	1	1	1	1	1	1	1	1	1	1	1	0	1	1	1	1	1	1	1	1	1	1	1	1	1	1	1	1	1	1	1	1	1	1	1	1	1	1	1	1	1	1	1	1	1	1	1	1	1	1	1	1	1	1	1	1	1	1	1	1
268	.01236	1	0	1	1	1	1	1	1	1	0	1	1	0	1	1	1	1	1	1	1	1	1	1	1	1	1	1	1	1	1	1	0	1	1	0	1	1	1	1	1	1	1	1	1	1	1	0	1	1	0	1	1	1	1	1	1	1	0	1	1	1	1	1	1	0	1	0	1	1	1	1	1	1	1	1	1	1	1	0	1	1	0	0	1	1	1	0	1	0	1	1	1	0	1	1	0	1	1
269	.012076	1	0	1	1	1	1	1	1	1	0	1	1	0	1	1	1	1	1	1	1	1	1	1	1	1	1	1	1	1	1	1	0	1	1	0	1	1	1	1	1	1	1	1	1	1	1	0	1	1	0	1	1	1	1	1	1	1	0	1	1	1	1	1	1	0	1	0	1	1	1	1	1	1	1	1	1	1	1	0	1	1	0	0	1	1	1	0	1	0	1	1	1	0	1	1	0	0	1
270	30.820091	1	1	1	1	1	1	1	1	1	1	1	1	1	1	1	1	1	1	1	1	1	1	1	1	1	1	1	1	1	1	1	1	1	1	1	1	1	1	1	1	1	1	1	1	1	1	1	1	1	1	1	1	1	1	1	1	1	0	1	1	1	1	1	1	1	1	1	1	1	1	1	1	1	1	1	1	1	1	1	1	1	1	1	1	1	1	1	1	1	1	1	1	1	1	1	1	1	1
271	5.342628	1	1	1	1	1	1	1	1	1	1	1	1	0	1	1	1	1	1	1	1	1	1	1	1	1	1	1	1	1	1	1	1	1	1	1	1	1	1	1	1	1	1	1	1	1	1	1	1	1	1	1	1	1	1	1	1	1	0	1	1	1	1	1	1	1	1	1	1	1	1	1	1	1	1	1	1	1	1	1	1	1	1	1	1	1	1	1	1	1	1	1	1	1	1	1	1	1	1
272	4.660046	1	0	1	1	1	1	1	1	1	0	1	1	0	1	1	1	1	1	1	1	1	1	1	1	1	1	1	1	1	1	1	0	1	1	0	1	1	1	1	1	1	1	1	1	1	1	0	1	1	1	1	1	1	1	1	1	1	0	1	1	1	1	1	1	0	1	0	1	1	1	1	1	1	1	1	1	1	1	0	1	1	0	0	1	1	1	0	1	0	1	1	1	0	1	1	0	1	1
273	2.102522	1	0	1	1	1	1	1	1	1	0	1	1	0	1	1	1	1	1	1	1	0	1	1	1	1	1	1	1	1	1	1	0	1	1	0	1	0	1	1	1	1	0	1	1	1	1	0	1	1	1	1	0	1	1	1	1	1	0	1	1	1	1	1	0	0	1	0	1	1	1	1	1	1	1	1	1	1	1	0	1	1	0	0	1	1	1	0	1	0	1	1	1	0	1	1	0	0	1
274	2.263161	1	0	1	1	1	1	1	1	1	0	1	1	0	1	1	1	1	1	1	1	0	1	1	1	1	1	1	1	1	1	1	0	1	1	0	1	0	1	1	1	1	0	1	1	1	1	0	1	1	1	1	0	1	1	1	1	0	0	1	1	1	1	1	0	0	1	0	1	1	1	1	1	1	1	1	1	1	1	0	1	1	0	0	1	1	1	0	1	0	1	1	1	0	1	1	0	0	1
275	22.247448	1	1	1	1	1	1	1	1	1	1	1	1	0	1	1	1	1	1	1	1	1	1	1	1	1	1	1	1	1	1	1	1	1	1	1	1	1	1	1	1	1	1	1	1	1	1	1	1	1	1	1	1	1	1	1	1	1	1	1	1	1	1	1	1	1	1	1	1	1	1	1	1	1	1	1	1	1	1	1	1	1	1	1	1	1	1	1	1	1	1	1	1	1	1	1	1	1	1
276	3.215062	1	0	1	1	1	1	1	1	1	1	1	1	0	1	1	1	1	1	1	1	1	1	1	1	1	1	1	1	1	1	1	1	1	1	1	1	1	1	1	1	1	1	1	1	1	1	0	1	1	1	1	1	1	1	1	1	1	1	1	1	1	1	1	1	1	1	1	1	1	1	1	1	1	1	1	1	1	1	1	1	1	1	1	1	1	1	0	1	1	1	1	1	1	1	1	1	1	1
277	.910066	1	0	1	1	1	1	1	1	1	0	1	1	0	1	1	1	1	1	1	1	1	1	1	1	1	1	1	1	1	1	1	1	1	1	0	1	1	1	1	1	1	1	1	1	1	1	0	1	1	1	1	1	1	1	1	1	1	1	1	1	1	1	1	1	1	1	0	1	1	1	1	1	1	1	1	1	1	1	1	1	1	1	0	1	1	1	0	1	1	1	1	1	1	1	1	1	1	1
278	.024644	1	0	1	1	1	1	1	1	1	0	1	1	0	1	1	1	1	1	1	1	1	1	1	1	1	1	1	1	1	1	1	0	1	1	0	1	1	1	1	1	1	1	1	1	1	1	0	1	1	1	1	1	1	1	1	1	1	1	1	1	1	1	1	1	0	1	0	1	1	1	1	1	1	1	1	1	1	1	0	1	1	0	0	1	1	1	0	1	0	1	1	1	1	1	1	0	1	1
279	.028073	1	0	1	1	1	1	1	1	1	0	1	1	0	1	1	1	1	1	1	1	1	1	1	1	1	1	1	1	1	1	1	0	1	1	0	1	1	1	1	1	1	1	1	1	1	1	0	1	1	1	1	1	1	1	1	1	1	1	1	1	1	1	1	1	0	1	0	1	1	1	1	1	1	1	1	1	1	1	0	1	1	0	0	1	1	1	0	1	0	1	1	1	0	1	1	0	1	1
280	.026237	1	0	1	1	1	1	1	1	1	0	1	1	0	1	1	1	1	1	1	1	1	1	1	1	1	1	1	1	1	1	1	0	1	1	0	1	1	1	1	1	1	1	1	1	1	1	0	1	1	1	1	1	1	1	1	1	1	1	1	1	1	1	1	1	0	1	0	1	1	1	1	1	1	1	1	1	1	1	0	1	1	0	0	1	1	1	0	1	0	1	1	1	0	1	1	0	0	1
281	.020186	1	0	1	1	1	1	1	1	1	0	1	1	0	1	1	1	1	1	1	1	0	1	1	1	1	1	1	1	1	1	1	0	1	1	0	1	1	1	1	1	1	1	1	1	1	1	0	1	1	1	1	1	1	1	1	1	1	1	1	1	1	1	1	1	0	1	0	1	1	1	1	1	1	1	1	1	1	1	0	1	1	0	0	1	1	1	0	1	0	1	1	1	0	1	1	0	0	1
282	.011678	1	0	1	1	1	1	1	1	1	0	1	1	0	1	1	1	1	1	1	1	0	1	1	1	1	1	1	1	1	1	1	0	1	1	0	1	1	1	1	1	1	1	1	1	1	1	0	1	1	1	1	0	1	1	1	1	1	1	1	1	1	1	1	1	0	1	0	1	1	1	1	1	1	1	1	1	1	1	0	1	1	0	0	1	1	1	0	1	0	1	1	1	0	1	1	0	0	1
283	.011523	1	0	1	1	1	1	1	1	1	0	1	1	0	1	1	1	1	1	1	1	0	1	1	1	1	1	1	1	1	1	1	0	1	1	0	1	1	1	1	1	1	0	1	1	1	1	0	1	1	1	1	0	1	1	1	1	1	1	1	1	1	1	1	1	0	1	0	1	1	1	1	1	1	1	1	1	1	1	0	1	1	0	0	1	1	1	0	1	0	1	1	1	0	1	1	0	0	1
284	.01157	1	0	1	1	1	1	1	1	1	0	1	1	0	1	1	1	1	1	1	1	0	1	1	1	1	1	1	1	1	1	1	0	1	1	0	1	0	1	1	1	1	0	1	1	1	1	0	1	1	1	1	0	1	1	1	1	1	1	1	1	1	1	1	1	0	1	0	1	1	1	1	1	1	1	1	1	1	1	0	1	1	0	0	1	1	1	0	1	0	1	1	1	0	1	1	0	0	1
285	.011839	1	0	1	1	1	1	1	1	1	0	1	1	0	1	1	1	1	1	1	1	0	1	1	1	1	1	1	1	1	1	1	0	1	1	0	1	0	1	1	1	1	0	1	1	1	1	0	1	1	1	1	0	1	1	1	1	1	1	1	1	1	1	1	0	0	1	0	1	1	1	1	1	1	1	1	1	1	1	0	1	1	0	0	1	1	1	0	1	0	1	1	1	0	1	1	0	0	1
286	23.06953	1	1	1	1	1	1	1	1	1	1	1	1	1	1	1	1	1	1	1	1	1	1	1	1	1	1	1	1	1	1	1	1	1	1	1	1	1	1	1	1	1	1	1	1	1	1	1	1	1	1	1	1	1	1	1	1	1	1	1	1	1	1	1	1	1	1	1	1	1	1	1	1	1	1	1	1	1	1	1	1	1	1	1	1	1	1	0	1	1	1	1	1	1	1	1	1	1	1
287	.017653	1	0	1	1	1	1	1	1	1	0	1	1	1	1	1	1	1	1	1	1	1	1	1	1	1	1	1	1	1	1	1	0	1	1	0	1	1	1	1	1	1	1	1	1	1	1	0	1	1	1	1	1	1	1	1	1	1	1	1	1	1	1	1	1	0	1	0	1	1	1	1	1	1	1	1	1	1	1	0	1	1	0	0	1	1	1	0	1	0	1	1	1	0	1	1	0	1	1
288	.012547	1	0	1	1	1	1	1	1	1	0	1	1	1	1	1	1	1	1	1	1	1	1	1	1	1	1	1	1	1	1	1	0	1	1	0	1	1	1	1	1	1	1	1	1	1	1	0	1	1	1	1	1	1	1	1	1	1	1	1	1	1	1	1	1	0	1	0	1	1	1	1	1	1	1	1	1	1	1	0	1	1	0	0	1	1	1	0	1	0	1	1	1	0	1	1	0	0	1
289	1.271835	1	0	1	1	1	1	1	1	1	0	1	1	1	1	1	1	1	1	1	1	0	1	1	1	1	1	1	1	1	1	1	0	1	1	0	1	0	1	1	1	1	0	1	1	1	1	0	1	1	1	1	0	1	1	1	1	0	1	1	1	1	1	1	0	0	1	0	1	1	1	1	1	1	1	1	1	1	1	0	1	1	0	0	1	1	1	0	1	0	1	1	1	0	1	1	0	0	1
290	24.630493	1	0	1	1	1	1	1	1	1	1	1	1	1	1	1	1	1	1	1	1	1	1	1	1	1	1	1	1	1	1	1	1	1	1	1	1	1	1	1	1	1	1	1	1	1	1	1	1	1	1	1	1	1	1	1	1	1	1	1	1	1	1	1	1	1	1	1	1	1	1	1	1	1	1	1	1	1	1	1	1	1	1	1	1	1	1	1	1	1	1	1	1	1	1	1	1	1	1
291	1.771541	1	0	1	1	1	1	1	1	1	0	1	1	1	1	1	1	1	1	1	1	0	1	1	1	1	1	1	1	1	1	1	0	1	1	0	1	0	1	1	1	1	0	1	1	1	1	0	1	1	1	1	0	1	1	1	1	1	1	1	1	1	1	1	0	0	1	0	1	1	1	1	1	1	1	1	1	1	1	0	1	1	0	0	1	1	1	1	1	0	1	1	1	0	1	1	0	0	1
292	18.598219	1	1	1	1	1	1	1	1	1	1	1	1	1	1	1	1	1	1	1	1	1	1	1	1	1	1	1	1	1	1	1	1	1	1	1	1	1	1	1	1	1	1	1	1	1	1	0	1	1	1	1	1	1	1	1	1	1	1	1	1	1	1	1	1	1	1	1	1	1	1	1	1	1	1	1	1	1	1	1	1	1	1	1	1	1	1	1	1	1	1	1	1	1	1	1	1	1	1
293	32.641964	1	1	1	1	1	1	1	1	1	1	1	1	1	1	1	1	1	1	1	1	1	1	1	1	1	1	1	1	1	1	1	1	1	1	1	1	1	1	1	1	1	1	1	1	1	1	1	1	1	1	1	1	1	1	1	1	1	1	1	1	1	1	1	1	1	1	1	1	1	1	1	1	1	1	1	1	1	1	1	1	1	1	0	1	1	1	1	1	1	1	1	1	1	1	1	1	1	1
294	4.631876	1	1	1	1	1	1	1	1	1	0	1	1	1	1	1	1	1	1	1	1	1	1	1	1	1	1	1	1	1	1	1	1	1	1	0	1	1	1	1	1	1	1	1	1	1	1	1	1	1	1	1	1	1	1	1	1	1	1	1	1	1	1	1	1	1	1	0	1	1	1	1	1	1	1	1	1	1	1	1	1	1	0	0	1	1	1	1	1	0	1	1	1	1	1	1	1	1	1
295	1.237495	1	1	1	1	1	1	1	1	1	0	1	1	1	1	1	1	1	1	1	1	1	1	1	1	1	1	1	1	1	1	1	0	1	1	0	1	1	1	1	1	1	1	1	1	1	1	1	1	1	1	1	1	1	1	1	1	1	1	1	1	1	1	1	1	1	1	0	1	1	1	1	1	1	1	1	1	1	1	0	1	1	0	0	1	1	1	1	1	0	1	1	1	1	1	1	1	1	1
296	6.97884	1	1	1	1	1	1	1	1	1	0	1	1	1	1	1	1	1	1	1	1	0	1	1	1	1	1	1	1	1	1	1	0	1	1	0	1	1	1	1	1	1	0	1	1	1	1	1	1	1	1	1	0	1	1	1	1	1	1	1	1	1	1	1	1	0	1	0	1	1	1	1	1	1	1	1	1	1	1	0	1	1	0	0	1	1	1	1	1	0	1	1	1	0	1	1	0	0	1
297	32.628929	1	1	1	1	1	1	1	1	1	0	1	1	1	1	1	1	1	1	1	1	1	1	1	1	1	1	1	1	1	1	1	1	1	1	1	1	1	1	1	1	1	1	1	1	1	1	1	1	1	1	1	1	1	1	1	1	1	1	1	1	1	1	1	1	1	1	1	1	1	1	1	1	1	1	1	1	1	1	1	1	1	1	1	1	1	1	1	1	1	1	1	1	1	1	1	1	1	1
298	7.516646	1	1	1	1	1	1	1	1	1	0	1	1	1	1	1	1	1	1	1	1	1	1	1	1	1	1	1	1	1	1	1	1	1	1	0	1	1	1	1	1	1	1	1	1	1	1	1	1	1	1	1	1	1	1	1	1	1	1	1	1	1	1	1	1	1	1	0	1	1	1	1	1	1	1	1	1	1	1	1	1	1	1	1	1	1	1	1	1	1	1	1	1	1	1	1	1	1	1
299	2.440744	1	1	1	1	1	1	1	1	1	0	1	1	1	1	1	1	1	1	1	1	0	1	1	1	1	1	1	1	1	1	1	0	1	1	0	1	1	1	1	1	1	1	1	1	1	1	1	1	1	1	1	1	1	1	1	1	1	1	1	1	1	1	1	1	0	1	0	1	1	1	1	1	1	1	1	1	1	1	0	1	1	0	1	1	1	1	1	1	0	1	1	1	0	1	1	0	0	1
300	12.506196	1	1	1	1	1	1	1	1	1	1	1	1	1	1	1	1	1	1	1	1	1	1	1	1	1	1	1	1	1	1	1	1	1	1	0	1	1	1	1	1	1	1	1	1	1	1	1	1	1	1	1	1	1	1	1	1	1	1	1	1	1	1	1	1	1	1	1	1	1	1	1	1	1	1	1	1	1	1	1	1	1	1	1	1	1	1	1	1	1	1	1	1	1	1	1	1	1	1
301	16.103945	1	1	1	1	1	1	1	1	1	1	1	1	1	1	1	1	1	1	1	1	1	1	1	1	1	1	1	1	1	1	1	1	1	1	0	1	1	1	1	1	1	1	1	1	1	1	1	1	1	1	1	1	1	1	1	1	1	1	1	1	1	1	1	1	1	1	0	1	1	1	1	1	1	1	1	1	1	1	1	1	1	1	1	1	1	1	1	1	1	1	1	1	1	1	1	1	1	1
302	.162497	1	1	1	1	1	1	1	1	1	1	1	1	1	1	1	1	1	1	1	1	1	1	1	1	1	1	1	1	1	1	1	1	1	1	0	1	1	1	1	1	1	1	1	1	1	1	1	1	1	1	1	1	1	1	1	1	1	1	1	1	1	1	1	1	1	1	0	1	1	1	1	1	1	1	1	1	1	1	0	1	1	0	1	1	1	1	1	1	0	1	1	1	1	1	1	1	1	1
303	3.678566	1	1	1	1	1	1	1	1	1	1	1	1	1	1	1	1	1	1	1	1	1	1	1	1	1	1	1	1	1	1	1	0	1	1	0	1	1	1	1	1	1	1	1	1	1	1	1	1	1	1	1	1	1	1	1	1	1	1	1	1	1	1	1	1	1	1	0	1	1	1	1	1	1	1	1	1	1	1	0	1	1	0	1	1	1	1	1	1	0	1	1	1	1	1	1	0	1	1
304	2.488656	1	1	1	1	1	1	1	1	1	1	1	1	1	1	1	1	1	1	1	1	1	1	1	1	1	1	1	1	1	1	1	0	1	1	0	1	1	1	1	1	1	1	1	1	1	1	1	1	1	1	1	1	1	1	1	1	1	1	1	1	1	1	1	1	0	1	0	1	1	1	1	1	1	1	1	1	1	1	0	1	1	0	1	1	1	1	1	1	0	1	1	1	0	1	1	0	0	1
305	1.740697	1	1	1	1	1	1	1	1	1	1	1	1	1	1	1	1	1	1	1	1	0	1	1	1	1	1	1	1	1	1	1	0	1	1	0	1	1	1	1	1	1	1	1	1	1	1	1	1	1	1	1	1	1	1	1	1	1	1	1	1	1	1	1	1	0	1	0	1	1	1	1	1	1	1	1	1	1	1	0	1	1	0	1	1	1	1	1	1	0	1	1	1	0	1	1	0	0	1
306	13.714499	1	1	1	1	1	1	1	1	1	1	1	1	1	1	1	1	1	1	1	1	1	1	1	1	1	1	1	1	1	1	1	1	1	1	1	1	1	1	1	1	1	1	1	1	1	1	1	1	1	1	1	1	1	1	1	1	1	1	1	1	1	1	1	1	1	1	0	1	1	1	1	1	1	1	1	1	1	1	1	1	1	1	1	1	1	1	1	1	1	1	1	1	1	1	1	1	1	1
307	3.924499	1	1	1	1	1	1	1	1	1	1	1	1	1	1	1	1	1	1	1	1	1	1	1	1	1	1	1	1	1	1	1	1	1	1	1	1	1	1	1	1	1	1	1	1	1	1	1	1	1	1	1	1	1	1	1	1	1	1	1	1	1	1	1	1	1	1	0	1	1	1	1	1	1	1	1	1	1	1	1	1	1	0	1	1	1	1	1	1	0	1	1	1	1	1	1	1	1	1
308	1.208317	1	1	1	1	1	1	1	1	1	1	1	1	1	1	1	1	1	1	1	1	1	1	1	1	1	1	1	1	1	1	1	1	1	1	1	1	1	1	1	1	1	1	1	1	1	1	1	1	1	1	1	1	1	1	1	1	1	1	1	1	1	1	1	1	1	1	0	1	1	1	1	1	1	1	1	1	1	1	0	1	1	0	1	1	1	1	1	1	0	1	1	1	1	1	1	1	1	1
309	.699503	1	1	1	1	1	1	1	1	1	1	1	1	1	1	1	1	1	1	1	1	1	1	1	1	1	1	1	1	1	1	1	0	1	1	1	1	1	1	1	1	1	1	1	1	1	1	1	1	1	1	1	1	1	1	1	1	1	1	1	1	1	1	1	1	0	1	0	1	1	1	1	1	1	1	1	1	1	1	0	1	1	0	1	1	1	1	1	1	0	1	1	1	0	1	1	0	1	1
310	29.31591	1	1	1	1	1	1	1	1	1	1	1	1	1	1	1	1	1	1	1	1	1	1	1	1	1	1	1	1	1	1	1	1	1	1	1	1	1	1	1	1	1	1	1	1	1	1	1	1	1	1	1	1	1	1	1	1	1	1	1	1	1	1	1	1	1	1	1	1	1	1	1	1	1	1	1	1	1	1	1	1	1	1	1	1	1	1	1	1	0	1	1	1	1	1	1	1	1	1
311	4.753796	1	1	1	1	1	1	1	1	1	1	1	1	1	1	1	1	1	1	1	1	1	1	1	1	1	1	1	1	1	1	1	0	1	1	1	1	1	1	1	1	1	1	1	1	1	1	1	1	1	1	1	1	1	1	1	1	1	1	1	1	1	1	1	1	1	1	1	1	1	1	1	1	1	1	1	1	1	1	0	1	1	0	1	1	1	1	1	1	0	1	1	1	1	1	1	1	1	1
312	37.268055	1	1	1	1	1	1	1	1	1	1	1	1	1	1	1	1	1	1	1	1	1	1	1	1	1	1	1	1	1	1	1	1	1	1	1	1	1	1	1	1	1	1	1	1	1	1	1	1	1	1	1	1	1	1	1	1	1	1	1	1	1	1	1	1	1	1	1	1	1	1	1	1	1	1	1	1	1	1	1	1	1	0	1	1	1	1	1	1	1	1	1	1	1	1	1	1	1	1
313	3.837339	1	1	1	1	1	1	1	1	1	1	1	1	1	1	1	1	1	1	1	1	1	1	1	1	1	1	1	1	1	1	1	1	1	1	1	1	1	1	1	1	1	1	1	1	1	1	1	1	1	1	1	1	1	1	1	1	1	1	1	1	1	1	1	1	1	1	1	1	1	1	1	1	1	1	1	1	1	1	0	1	1	0	1	1	1	1	1	1	1	1	1	1	1	1	1	1	1	1
314	31.376719	1	1	1	1	1	1	1	1	1	1	1	1	1	1	1	1	1	1	1	1	1	1	1	1	1	1	1	1	1	1	1	1	1	1	1	1	1	1	1	1	1	1	1	1	1	1	1	1	1	1	1	1	1	1	1	1	1	1	1	1	1	1	1	1	1	1	1	1	1	1	1	1	1	1	1	1	1	1	0	1	1	1	1	1	1	1	1	1	1	1	1	1	1	1	1	1	1	1
315	.94345	1	1	1	1	1	1	1	1	1	1	1	1	1	1	1	1	1	1	1	1	1	1	1	1	1	1	1	1	1	1	1	0	1	1	1	1	1	1	1	1	1	1	1	1	1	1	1	1	1	1	1	1	1	1	1	1	1	1	1	1	1	1	1	1	1	1	1	1	1	1	1	1	1	1	1	1	1	1	0	1	1	1	1	1	1	1	1	1	1	1	1	1	1	1	1	1	1	1
316	28.281204	1	1	1	1	1	1	1	1	1	1	1	1	1	1	1	1	1	1	1	1	1	1	1	1	1	1	1	1	1	1	1	0	1	1	1	1	1	1	1	1	1	1	1	1	1	1	1	1	1	1	1	1	1	1	1	1	1	1	1	1	1	1	1	1	1	1	1	1	1	1	1	1	1	1	1	1	1	1	1	1	1	1	1	1	1	1	1	1	1	1	1	1	1	1	1	1	1	1
317	9.981549	1	1	1	1	1	1	1	1	1	1	1	1	1	1	1	1	1	1	1	1	1	1	1	1	1	1	1	1	1	1	1	1	1	1	1	1	1	1	1	1	1	1	1	1	1	1	1	1	1	1	1	1	1	1	1	1	1	1	1	1	1	1	1	1	1	1	1	1	1	1	1	1	1	1	1	1	1	1	1	1	1	1	1	1	1	1	1	1	1	1	1	1	1	1	1	0	1	1
318	18.013336	1	1	1	1	1	1	1	1	1	1	1	1	1	1	1	1	1	1	1	1	1	1	1	1	1	1	1	1	1	1	1	1	1	1	1	1	1	1	1	1	1	1	1	1	1	1	1	1	1	1	1	1	1	1	1	1	1	1	1	1	1	1	1	1	0	1	1	1	1	1	1	1	1	1	1	1	1	1	1	1	1	1	1	1	1	1	1	1	1	1	1	1	1	1	1	0	1	1
319	12.116994	1	1	1	1	1	1	1	1	1	1	1	1	1	1	1	1	1	1	1	1	1	1	1	1	1	1	1	1	1	1	1	1	1	1	1	1	1	1	1	1	1	1	1	1	1	1	1	1	1	1	1	1	1	1	1	1	1	1	1	1	1	1	1	1	0	1	1	1	1	1	1	1	1	1	1	1	1	1	1	1	1	1	1	1	1	1	1	1	1	1	1	1	1	1	1	1	1	1
320	27.857105	1	1	1	1	1	1	1	1	1	1	1	1	1	1	1	1	1	1	1	1	1	1	1	1	1	1	1	1	1	1	1	1	1	1	1	1	1	1	1	1	1	1	1	1	1	1	1	1	1	1	1	1	1	1	1	1	1	1	1	1	1	1	1	1	1	1	1	1	1	1	1	1	1	1	1	1	1	1	1	1	1	1	1	1	1	1	1	1	1	1	1	1	0	1	1	1	1	1
321	8.356967	1	1	1	1	1	1	1	1	1	1	1	1	1	1	1	1	1	1	1	1	1	1	1	1	1	1	1	1	1	1	1	1	1	1	1	1	1	1	1	1	1	1	1	1	1	1	1	1	1	1	1	1	1	1	1	1	1	1	1	1	1	1	1	1	1	1	1	1	1	1	1	1	1	1	1	1	1	1	1	1	1	1	1	1	1	1	1	1	1	1	1	1	0	1	1	1	0	1
322	29.57848	1	1	1	1	1	1	1	1	1	1	1	1	1	1	1	1	1	1	1	1	1	1	1	1	1	1	1	1	1	1	1	1	1	1	1	1	1	1	1	1	1	1	1	1	1	1	1	1	1	1	1	1	1	1	1	1	1	1	1	1	1	1	1	1	1	1	1	1	1	1	1	1	1	1	1	1	1	1	1	1	1	1	1	1	1	1	1	1	1	1	1	1	1	1	1	1	0	1
323	42.261177	1	1	1	1	1	1	1	1	1	1	1	1	1	1	1	1	1	1	1	1	0	1	1	1	1	1	1	1	1	1	1	1	1	1	1	1	1	1	1	1	1	1	1	1	1	1	1	1	1	1	1	1	1	1	1	1	1	1	1	1	1	1	1	1	1	1	1	1	1	1	1	1	1	1	1	1	1	1	1	1	1	1	1	1	1	1	1	1	1	1	1	1	1	1	1	1	1	1
324	33.006897	1	1	1	1	1	1	1	1	1	1	1	1	1	1	1	1	1	1	1	1	1	1	1	1	1	1	1	1	1	1	1	1	1	1	1	1	1	1	1	1	1	1	1	1	1	1	1	1	1	1	1	0	1	1	1	1	1	1	1	1	1	1	1	1	1	1	1	1	1	1	1	1	1	1	1	1	1	1	1	1	1	1	1	1	1	1	1	1	1	1	1	1	1	1	1	1	1	1
325	67.390862	1	1	1	1	1	1	1	1	1	1	1	1	1	1	1	1	1	1	1	1	1	1	1	1	1	1	1	1	1	1	1	1	1	1	1	1	1	1	1	1	1	0	1	1	1	1	1	1	1	1	1	1	1	1	1	1	1	1	1	1	1	1	1	1	1	1	1	1	1	1	1	1	1	1	1	1	1	1	1	1	1	1	1	1	1	1	1	1	1	1	1	1	1	1	1	1	1	1
326	28.714258	1	1	1	1	1	1	1	1	1	1	1	1	1	1	1	1	1	1	1	1	1	1	1	1	1	1	1	1	1	1	1	1	1	1	1	1	0	1	1	1	1	1	1	1	1	1	1	1	1	1	1	1	1	1	1	1	1	1	1	1	1	1	1	1	1	1	1	1	1	1	1	1	1	1	1	1	1	1	1	1	1	1	1	1	1	1	1	1	1	1	1	1	1	1	1	1	1	1
327	29.301491	1	1	1	1	1	1	1	1	1	1	1	1	1	1	1	1	1	1	1	1	1	1	1	1	1	1	1	1	1	1	1	1	1	1	1	1	1	1	1	1	1	1	1	1	1	1	1	1	1	1	1	1	1	1	1	1	1	1	1	1	1	1	1	0	1	1	1	1	1	1	1	1	1	1	1	1	1	1	1	1	1	1	1	1	1	1	1	1	1	1	1	1	1	1	1	1	1	1
328	5.512631	1	1	1	1	1	1	1	1	1	1	1	1	1	1	1	1	1	1	1	1	1	1	1	1	1	1	1	1	1	1	1	1	1	1	1	1	1	1	1	1	1	1	1	1	1	1	1	1	1	1	1	1	1	1	1	1	0	1	1	1	1	1	1	0	1	1	1	1	1	1	1	1	1	1	1	1	1	1	1	1	1	1	1	1	1	1	1	1	1	1	1	1	1	1	1	1	1	1
329	26.975857	1	1	1	1	1	1	1	1	1	1	1	1	1	1	1	1	1	1	1	1	1	1	1	1	1	1	1	1	1	1	1	1	1	1	1	1	1	1	1	1	1	1	1	1	1	1	1	1	1	1	1	1	1	1	1	1	0	1	1	1	1	1	1	1	1	1	1	1	1	1	1	1	1	1	1	1	1	1	1	1	1	1	1	1	1	1	1	1	1	1	1	1	1	1	1	1	1	1
330	32.895329	1	1	1	1	1	1	1	1	1	1	1	1	1	1	1	1	1	1	1	1	1	1	1	1	1	1	1	1	1	1	1	1	1	1	1	1	1	1	1	1	1	1	0	1	1	1	1	1	1	1	1	1	1	1	1	1	1	1	1	1	1	1	1	1	1	1	1	1	1	1	1	1	1	1	1	1	1	1	1	1	1	1	1	1	1	1	1	1	1	1	1	1	1	1	1	1	1	1

