Splits	Weights	BYRD_R_Dem	INOUYE_D_Dem	THURMOND_J_Rep	KENNEDY_E_Dem	HOLLINGS_E_Dem	STEVENS_T_Rep	SARBANES_P_Dem	BREAUX_J_Dem	COCHRAN_W_Rep	LOTT_C_Rep	BIDEN_J_Dem	DOMENICI_P_Rep	HELMS_J_Rep	BAUCUS_M_Dem	DODD_C_Dem	GRASSLEY_C_Rep	HARKIN_T_Dem	LEAHY_P_Dem	AKAKA_D_Dem	MIKULSKI_B_Dem	HATCH_O_Rep	LUGAR_R_Rep	DASCHLE_T_Dem	GRAMM_W_Rep	NELSON_C_Dem	SNOWE_O_Rep	LEVIN_C_Dem	WARNER_J_Rep	CRAIG_L_Rep	DORGAN_B_Dem	GREGG_J_Rep	ROBERTS_C_Rep	SCHUMER_C_Dem	WYDEN_R_Dem	MURKOWSKI_F_Rep	NICKLES_D_Rep	SPECTER_A_Rep	BINGAMAN_J_Dem	KERRY_J_Dem	McCONNELL_A_Rep	ROCKEFELLER_J_Dem	BOXER_B_Dem	CARPER_T_Dem	DeWINE_M_Rep	DURBIN_R_Dem	McCAIN_J_Rep	REID_H_Dem	TORRICELLI_R_Dem	SMITH_R_Rep	BUNNING_J_Rep	INHOFE_J_Rep	JOHNSON_T_Dem	KYL_J_Rep	BOND_C_Rep	CONRAD_K_Dem	GRAHAM_D_Dem	THOMAS_C_Rep	BURNS_C_Rep	KOHL_H_Dem	LIEBERMAN_J_Dem	ALLARD_A_Rep	SANTORUM_R_Rep	REED_J_Dem	ALLEN_G_Rep	LINCOLN_B_Dem	HUTCHINSON_T_Rep	CRAPO_M_Rep	BROWNBACK_S_Rep	ENSIGN_J_Rep	STABENOW_D_Dem	CANTWELL_M_Dem	DAYTON_M_Dem	CARNAHAN_J_Dem	NELSON_E_Dem	CORZINE_J_Dem	CLINTON_H_Dem	FEINSTEIN_D_Dem	HUTCHISON_K_Rep	BENNETT_R_Rep	MURRAY_P_Dem	FEINGOLD_R_Dem	FRIST_W_Rep	THOMPSON_F_Rep	SESSIONS_J_Rep	CLELAND_J_Dem	LANDRIEU_M_Dem	COLLINS_S_Rep	HAGEL_C_Rep	SMITH_G_Rep	ENZI_M_Rep	FITZGERALD_P_Rep	BAYH_E_Dem	EDWARDS_J_Dem	VOINOVICH_G_Rep	MILLER_Z_Dem	CHAFEE_L_Rep	SHELBY_R_Rep	CAMPBELL_B_Rep	BUSH_G_Rep
1	32.030621	1	1	1	1	1	1	1	1	1	1	1	1	1	1	1	1	1	1	1	1	1	1	1	1	1	1	1	1	1	1	1	1	1	1	1	1	1	1	1	1	1	1	1	1	1	1	1	1	1	1	1	1	1	1	1	1	1	1	1	1	1	1	1	1	1	1	1	1	1	1	1	1	1	1	1	1	1	1	1	1	1	1	1	1	1	1	1	1	1	1	1	0	1	1	1	1	1	1	1
2	10.589543	1	1	0	1	1	0	1	0	0	0	1	0	0	0	1	0	1	1	1	1	0	0	1	0	1	0	1	0	0	1	0	0	1	1	0	0	0	1	1	0	1	1	0	0	1	0	1	1	0	0	0	1	0	0	1	1	0	0	1	1	0	0	1	0	0	0	0	0	0	1	1	1	1	0	1	1	1	0	0	1	1	0	0	0	0	0	0	0	0	0	0	0	1	0	0	0	0	0	0
3	.005727	1	1	0	1	1	0	1	0	0	0	1	0	0	0	1	0	1	1	1	1	0	0	1	0	1	0	1	0	0	1	0	0	1	1	0	0	0	1	1	0	1	1	0	0	1	0	1	0	0	0	0	1	0	0	1	1	0	0	1	1	0	0	1	0	0	0	0	0	0	1	1	1	1	0	1	1	1	0	0	1	1	0	0	0	0	0	0	0	0	0	0	0	1	0	0	0	0	0	0
4	.004923	1	1	0	1	1	0	1	0	0	0	1	0	0	0	1	0	1	1	1	1	0	0	1	0	1	0	1	0	0	1	0	0	1	1	0	0	0	1	1	0	1	1	0	0	1	0	1	0	0	0	0	1	0	0	1	1	0	0	1	1	0	0	1	0	0	0	0	0	0	1	1	1	1	0	1	1	0	0	0	1	1	0	0	0	0	0	0	0	0	0	0	0	1	0	0	0	0	0	0
5	4.793858	1	1	0	1	1	0	1	0	0	0	1	0	0	0	1	0	1	1	1	1	0	0	1	0	1	0	1	0	0	1	0	0	1	1	0	0	0	1	1	0	1	1	0	0	1	0	1	0	0	0	0	0	0	0	1	1	0	0	0	1	0	0	1	0	0	0	0	0	0	1	1	1	1	0	1	1	0	0	0	1	1	0	0	0	0	0	0	0	0	0	0	0	1	0	0	0	0	0	0
6	.005761	1	1	0	1	1	0	1	0	0	0	1	0	0	0	1	0	1	1	1	1	0	0	1	0	1	0	1	0	0	0	0	0	1	1	0	0	0	1	1	0	1	1	0	0	1	0	1	0	0	0	0	0	0	0	0	1	0	0	0	1	0	0	1	0	0	0	0	0	0	1	1	1	1	0	1	1	0	0	0	1	1	0	0	0	0	0	0	0	0	0	0	0	0	0	0	0	0	0	0
7	5.351965	1	1	0	1	1	0	1	0	0	0	1	0	0	0	1	0	1	1	1	1	0	0	1	0	1	0	1	0	0	0	0	0	1	0	0	0	0	1	1	0	1	1	0	0	1	0	1	0	0	0	0	0	0	0	0	1	0	0	0	1	0	0	1	0	0	0	0	0	0	1	1	1	1	0	1	1	0	0	0	1	1	0	0	0	0	0	0	0	0	0	0	0	0	0	0	0	0	0	0
8	.006352	1	1	0	1	0	0	1	0	0	0	1	0	0	0	1	0	1	1	1	1	0	0	1	0	1	0	1	0	0	0	0	0	1	0	0	0	0	1	1	0	1	1	0	0	1	0	1	0	0	0	0	0	0	0	0	1	0	0	0	1	0	0	1	0	0	0	0	0	0	1	1	1	1	0	1	1	0	0	0	1	1	0	0	0	0	0	0	0	0	0	0	0	0	0	0	0	0	0	0
9	.003939	1	0	0	1	0	0	1	0	0	0	1	0	0	0	1	0	1	1	1	1	0	0	1	0	1	0	1	0	0	0	0	0	1	0	0	0	0	1	1	0	1	1	0	0	1	0	1	0	0	0	0	0	0	0	0	1	0	0	0	1	0	0	1	0	0	0	0	0	0	1	1	1	1	0	1	1	0	0	0	1	1	0	0	0	0	0	0	0	0	0	0	0	0	0	0	0	0	0	0
10	39.259109	1	0	0	0	0	0	0	0	0	0	0	0	0	0	0	0	0	0	0	0	0	0	0	0	0	0	0	0	0	0	0	0	0	0	0	0	0	0	0	0	0	0	0	0	0	0	0	0	0	0	0	0	0	0	0	0	0	0	0	0	0	0	0	0	0	0	0	0	0	0	0	0	0	0	0	0	0	0	0	0	0	0	0	0	0	0	0	0	0	0	0	0	0	0	0	0	0	0	0
11	30.974024	1	1	1	1	1	1	1	1	1	1	1	1	1	1	1	1	1	1	1	1	1	1	1	1	1	1	1	1	1	1	1	1	1	1	1	1	1	1	1	1	1	1	0	1	1	1	1	1	1	1	1	1	1	1	1	1	1	1	1	1	1	1	1	1	1	1	1	1	1	1	1	1	1	1	1	1	1	1	1	1	1	1	1	1	1	1	1	1	1	1	1	1	1	1	1	1	1	1	1
12	2.706798	1	1	0	1	1	0	1	0	0	0	1	0	0	0	1	0	1	1	1	1	0	0	1	0	1	0	1	0	0	1	0	0	1	1	0	0	0	1	1	0	1	1	0	0	1	0	1	1	0	0	0	1	0	0	1	1	0	0	1	1	0	0	1	0	0	0	0	0	0	1	1	1	1	0	1	1	1	0	0	1	1	0	0	0	1	0	0	0	0	0	0	1	1	0	0	0	0	0	0
13	.006065	1	1	0	1	1	0	1	0	0	0	1	0	0	0	1	0	1	1	1	1	0	0	1	0	1	0	1	0	0	1	0	0	1	1	0	0	0	1	1	0	1	1	0	0	1	0	1	0	0	0	0	1	0	0	1	1	0	0	1	1	0	0	1	0	0	0	0	0	0	1	1	1	1	0	1	1	1	0	0	1	1	0	0	0	0	0	0	0	0	0	0	1	1	0	0	0	0	0	0
14	.006068	1	1	0	1	1	0	1	0	0	0	1	0	0	0	1	0	1	1	1	1	0	0	1	0	1	0	1	0	0	1	0	0	1	1	0	0	0	1	1	0	1	1	0	0	1	0	1	0	0	0	0	1	0	0	1	1	0	0	1	1	0	0	1	0	0	0	0	0	0	1	1	1	1	0	1	1	0	0	0	1	1	0	0	0	0	0	0	0	0	0	0	1	1	0	0	0	0	0	0
15	.004044	1	1	0	1	1	0	1	0	0	0	1	0	0	0	1	0	1	1	1	1	0	0	1	0	1	0	1	0	0	1	0	0	1	1	0	0	0	1	1	0	1	1	0	0	1	0	1	0	0	0	0	1	0	0	1	1	0	0	0	1	0	0	1	0	0	0	0	0	0	1	1	1	1	0	1	1	0	0	0	1	1	0	0	0	0	0	0	0	0	0	0	1	1	0	0	0	0	0	0
16	.006599	1	1	0	1	1	0	1	0	0	0	1	0	0	0	1	0	1	1	1	1	0	0	1	0	1	0	1	0	0	1	0	0	1	1	0	0	0	1	1	0	1	1	0	0	1	0	1	0	0	0	0	0	0	0	1	1	0	0	0	1	0	0	1	0	0	0	0	0	0	1	1	1	1	0	1	1	0	0	0	1	1	0	0	0	0	0	0	0	0	0	0	1	1	0	0	0	0	0	0
17	.004429	1	1	0	1	1	0	1	0	0	0	1	0	0	0	1	0	1	1	1	1	0	0	1	0	1	0	1	0	0	0	0	0	1	1	0	0	0	1	1	0	1	1	0	0	1	0	1	0	0	0	0	0	0	0	0	1	0	0	0	1	0	0	1	0	0	0	0	0	0	1	1	1	1	0	1	1	0	0	0	1	1	0	0	0	0	0	0	0	0	0	0	1	0	0	0	0	0	0	0
18	.003838	1	1	0	1	1	0	1	0	0	0	1	0	0	0	1	0	1	1	1	1	0	0	1	0	1	0	1	0	0	0	0	0	1	0	0	0	0	1	1	0	1	1	0	0	1	0	1	0	0	0	0	0	0	0	0	1	0	0	0	1	0	0	1	0	0	0	0	0	0	1	1	1	1	0	1	1	0	0	0	1	1	0	0	0	0	0	0	0	0	0	0	1	0	0	0	0	0	0	0
19	.004696	1	1	0	1	0	0	1	0	0	0	1	0	0	0	1	0	1	1	1	1	0	0	1	0	1	0	1	0	0	0	0	0	1	0	0	0	0	1	1	0	1	1	0	0	1	0	1	0	0	0	0	0	0	0	0	1	0	0	0	1	0	0	1	0	0	0	0	0	0	1	1	1	1	0	1	1	0	0	0	1	1	0	0	0	0	0	0	0	0	0	0	1	0	0	0	0	0	0	0
20	27.269218	1	1	1	1	1	1	1	1	1	1	1	1	1	1	1	1	1	1	1	1	1	1	1	1	1	1	1	1	1	1	1	1	1	1	1	1	1	1	1	1	1	1	1	1	1	1	1	1	1	1	1	1	1	1	1	1	1	1	1	1	1	1	1	1	1	1	1	1	1	1	1	1	1	1	1	1	1	1	1	1	1	1	1	1	1	0	1	1	1	1	1	1	1	1	1	1	1	1	1
21	6.196831	1	1	0	1	1	0	1	0	0	0	1	0	0	0	1	0	1	1	1	1	0	0	1	0	1	1	1	0	0	1	0	0	1	1	0	0	1	1	1	0	1	1	1	0	1	0	1	1	0	0	0	1	0	0	1	1	0	0	1	1	0	0	1	0	0	0	0	0	0	1	1	1	1	1	1	1	1	0	0	1	1	0	0	0	1	0	1	0	0	0	0	1	1	0	0	1	0	0	0
22	1.658936	1	1	0	1	1	0	1	0	0	0	1	0	0	0	1	0	1	1	1	1	0	0	1	0	1	0	1	0	0	1	0	0	1	1	0	0	0	1	1	0	1	1	1	0	1	0	1	1	0	0	0	1	0	0	1	1	0	0	1	1	0	0	1	0	0	0	0	0	0	1	1	1	1	1	1	1	1	0	0	1	1	0	0	0	1	0	0	0	0	0	0	1	1	0	0	1	0	0	0
23	.005578	1	1	0	1	1	0	1	0	0	0	1	0	0	0	1	0	1	1	1	1	0	0	1	0	1	0	1	0	0	1	0	0	1	1	0	0	0	1	1	0	1	1	1	0	1	0	1	1	0	0	0	1	0	0	1	1	0	0	1	1	0	0	1	0	0	0	0	0	0	1	1	1	1	0	1	1	1	0	0	1	1	0	0	0	0	0	0	0	0	0	0	1	1	0	0	0	0	0	0
24	.007939	1	1	0	1	1	0	1	0	0	0	1	0	0	0	1	0	1	1	1	1	0	0	1	0	1	0	1	0	0	1	0	0	1	1	0	0	0	1	1	0	1	1	1	0	1	0	1	0	0	0	0	1	0	0	1	1	0	0	1	1	0	0	1	0	0	0	0	0	0	1	1	1	1	0	1	1	1	0	0	1	1	0	0	0	0	0	0	0	0	0	0	1	1	0	0	0	0	0	0
25	.00891	1	1	0	1	1	0	1	0	0	0	1	0	0	0	1	0	1	1	1	1	0	0	1	0	1	0	1	0	0	1	0	0	1	1	0	0	0	1	1	0	1	1	1	0	1	0	1	0	0	0	0	1	0	0	1	1	0	0	1	1	0	0	1	0	0	0	0	0	0	1	1	1	1	0	1	1	0	0	0	1	1	0	0	0	0	0	0	0	0	0	0	1	1	0	0	0	0	0	0
26	.006807	1	1	0	1	1	0	1	0	0	0	1	0	0	0	1	0	1	1	1	1	0	0	1	0	1	0	1	0	0	1	0	0	1	1	0	0	0	1	1	0	1	1	1	0	1	0	1	0	0	0	0	1	0	0	1	1	0	0	0	1	0	0	1	0	0	0	0	0	0	1	1	1	1	0	1	1	0	0	0	1	1	0	0	0	0	0	0	0	0	0	0	1	1	0	0	0	0	0	0
27	.009928	1	1	0	1	1	0	1	0	0	0	1	0	0	0	1	0	1	1	1	1	0	0	1	0	1	0	1	0	0	1	0	0	1	1	0	0	0	1	1	0	1	1	1	0	1	0	1	0	0	0	0	0	0	0	1	1	0	0	0	1	0	0	1	0	0	0	0	0	0	1	1	1	1	0	1	1	0	0	0	1	1	0	0	0	0	0	0	0	0	0	0	1	1	0	0	0	0	0	0
28	.004952	1	1	0	1	1	0	1	0	0	0	1	0	0	0	1	0	1	1	1	1	0	0	1	0	1	0	1	0	0	0	0	0	1	1	0	0	0	1	1	0	1	1	1	0	1	0	1	0	0	0	0	0	0	0	1	1	0	0	0	1	0	0	1	0	0	0	0	0	0	1	1	1	1	0	1	1	0	0	0	1	1	0	0	0	0	0	0	0	0	0	0	1	1	0	0	0	0	0	0
29	.009657	1	1	0	1	1	0	1	0	0	0	1	0	0	0	1	0	1	1	1	1	0	0	1	0	1	0	1	0	0	0	0	0	1	1	0	0	0	1	1	0	1	1	1	0	1	0	1	0	0	0	0	0	0	0	0	1	0	0	0	1	0	0	1	0	0	0	0	0	0	1	1	1	1	0	1	1	0	0	0	1	1	0	0	0	0	0	0	0	0	0	0	1	0	0	0	0	0	0	0
30	.009973	1	1	0	1	1	0	1	0	0	0	1	0	0	0	1	0	1	1	1	1	0	0	1	0	1	0	1	0	0	0	0	0	1	0	0	0	0	1	1	0	1	1	1	0	1	0	1	0	0	0	0	0	0	0	0	1	0	0	0	1	0	0	1	0	0	0	0	0	0	1	1	1	1	0	1	1	0	0	0	1	1	0	0	0	0	0	0	0	0	0	0	1	0	0	0	0	0	0	0
31	.010997	1	1	0	1	0	0	1	0	0	0	1	0	0	0	1	0	1	1	1	1	0	0	1	0	1	0	1	0	0	0	0	0	1	0	0	0	0	1	1	0	1	1	1	0	1	0	1	0	0	0	0	0	0	0	0	1	0	0	0	1	0	0	1	0	0	0	0	0	0	1	1	1	1	0	1	1	0	0	0	1	1	0	0	0	0	0	0	0	0	0	0	1	0	0	0	0	0	0	0
32	.008659	1	0	0	1	0	0	1	0	0	0	1	0	0	0	1	0	1	1	1	1	0	0	1	0	1	0	1	0	0	0	0	0	1	0	0	0	0	1	1	0	1	1	1	0	1	0	1	0	0	0	0	0	0	0	0	1	0	0	0	1	0	0	1	0	0	0	0	0	0	1	1	1	1	0	1	1	0	0	0	1	1	0	0	0	0	0	0	0	0	0	0	1	0	0	0	0	0	0	0
33	.003925	1	0	0	1	0	0	1	0	0	0	1	0	0	0	1	0	1	1	0	1	0	0	1	0	1	0	1	0	0	0	0	0	1	0	0	0	0	1	1	0	1	1	1	0	1	0	1	0	0	0	0	0	0	0	0	1	0	0	0	1	0	0	1	0	0	0	0	0	0	1	1	1	1	0	1	1	0	0	0	1	1	0	0	0	0	0	0	0	0	0	0	1	0	0	0	0	0	0	0
34	22.399223	1	1	1	1	1	1	1	1	1	1	1	1	1	1	1	1	1	1	1	1	1	1	1	1	1	1	1	1	1	1	1	1	1	1	1	1	1	1	1	1	1	1	1	1	1	1	1	1	1	1	1	1	1	1	1	1	1	1	1	1	1	1	1	1	0	1	1	1	1	1	1	1	1	1	1	1	1	1	1	1	1	1	1	1	1	1	1	1	1	1	1	1	1	1	1	1	1	1	1
35	1.150505	1	1	1	1	1	1	1	1	1	1	1	1	1	0	1	1	1	1	1	1	1	1	1	1	1	1	1	1	1	1	1	1	1	1	1	1	1	1	1	1	1	1	1	1	1	1	1	1	1	1	1	1	1	1	1	1	1	1	1	1	1	1	1	1	0	1	1	1	1	1	1	1	1	1	1	1	1	1	1	1	1	1	1	1	1	1	1	1	1	1	1	1	1	1	1	1	1	1	1
36	.507902	1	1	0	1	1	0	1	0	0	0	1	0	0	0	1	0	1	1	1	1	0	0	1	0	1	1	1	0	0	1	0	0	1	1	0	0	1	1	1	0	1	1	1	0	1	0	1	1	0	0	0	1	0	0	1	1	0	0	1	1	0	0	1	0	0	0	0	0	0	1	1	1	1	1	1	1	1	0	0	1	1	0	0	0	1	1	1	0	0	0	0	1	1	0	0	1	0	0	0
37	.004731	1	1	0	1	1	0	1	0	0	0	1	0	0	0	1	0	1	1	1	1	0	0	1	0	1	0	1	0	0	1	0	0	1	1	0	0	0	1	1	0	1	1	1	0	1	0	1	1	0	0	0	1	0	0	1	1	0	0	1	1	0	0	1	0	0	0	0	0	0	1	1	1	1	0	1	1	1	0	0	1	1	0	0	0	0	1	0	0	0	0	0	1	1	0	0	0	0	0	0
38	2.734633	1	1	0	1	1	0	1	0	0	0	1	0	0	0	1	0	1	1	1	1	0	0	1	0	1	0	1	0	0	1	0	0	1	1	0	0	0	1	1	0	1	1	1	0	1	0	1	0	0	0	0	1	0	0	1	1	0	0	1	1	0	0	1	0	0	0	0	0	0	1	1	1	1	0	1	1	1	0	0	1	1	0	0	0	0	1	0	0	0	0	0	1	1	0	0	0	0	0	0
39	.008446	1	1	0	1	1	0	1	0	0	0	1	0	0	0	1	0	1	1	1	1	0	0	1	0	1	0	1	0	0	1	0	0	1	1	0	0	0	1	1	0	1	1	1	0	1	0	1	0	0	0	0	1	0	0	1	1	0	0	1	1	0	0	1	0	0	0	0	0	0	1	1	1	1	0	1	1	0	0	0	1	1	0	0	0	0	1	0	0	0	0	0	1	1	0	0	0	0	0	0
40	.005349	1	1	0	1	1	0	1	0	0	0	1	0	0	0	1	0	1	1	1	1	0	0	1	0	1	0	1	0	0	1	0	0	1	1	0	0	0	1	1	0	1	1	1	0	1	0	1	0	0	0	0	1	0	0	1	1	0	0	0	1	0	0	1	0	0	0	0	0	0	1	1	1	1	0	1	1	0	0	0	1	1	0	0	0	0	1	0	0	0	0	0	1	1	0	0	0	0	0	0
41	1.950282	1	1	0	1	1	0	1	0	0	0	1	0	0	0	1	0	1	1	1	1	0	0	1	0	1	0	1	0	0	1	0	0	1	1	0	0	0	1	1	0	1	1	1	0	1	0	1	0	0	0	0	0	0	0	1	1	0	0	0	1	0	0	1	0	0	0	0	0	0	1	1	1	1	0	1	1	0	0	0	1	1	0	0	0	0	1	0	0	0	0	0	1	1	0	0	0	0	0	0
42	.004973	1	1	0	1	1	0	1	0	0	0	1	0	0	0	1	0	1	1	1	1	0	0	1	0	1	0	1	0	0	0	0	0	1	1	0	0	0	1	1	0	1	1	1	0	1	0	1	0	0	0	0	0	0	0	0	1	0	0	0	1	0	0	1	0	0	0	0	0	0	1	1	1	1	0	1	1	0	0	0	1	1	0	0	0	0	1	0	0	0	0	0	1	0	0	0	0	0	0	0
43	.004206	1	1	0	1	1	0	1	0	0	0	1	0	0	0	1	0	1	1	1	1	0	0	1	0	1	0	1	0	0	0	0	0	1	0	0	0	0	1	1	0	1	1	1	0	1	0	1	0	0	0	0	0	0	0	0	1	0	0	0	1	0	0	1	0	0	0	0	0	0	1	1	1	1	0	1	1	0	0	0	1	1	0	0	0	0	1	0	0	0	0	0	1	0	0	0	0	0	0	0
44	.004837	1	1	0	1	0	0	1	0	0	0	1	0	0	0	1	0	1	1	1	1	0	0	1	0	1	0	1	0	0	0	0	0	1	0	0	0	0	1	1	0	1	1	1	0	1	0	1	0	0	0	0	0	0	0	0	1	0	0	0	1	0	0	1	0	0	0	0	0	0	1	1	1	1	0	1	1	0	0	0	1	1	0	0	0	0	1	0	0	0	0	0	1	0	0	0	0	0	0	0
45	2.082907	1	0	0	1	0	0	1	0	0	0	1	0	0	0	1	0	1	1	1	1	0	0	1	0	1	0	1	0	0	0	0	0	1	0	0	0	0	1	1	0	1	1	1	0	1	0	1	0	0	0	0	0	0	0	0	1	0	0	0	1	0	0	1	0	0	0	0	0	0	1	1	1	1	0	1	1	0	0	0	1	1	0	0	0	0	1	0	0	0	0	0	1	0	0	0	0	0	0	0
46	28.266516	1	1	1	1	1	1	1	1	1	1	1	1	1	0	1	1	1	1	1	1	1	1	1	1	1	1	1	1	1	1	1	1	1	1	1	1	1	1	1	1	1	1	1	1	1	1	1	1	1	1	1	1	1	1	1	1	1	1	1	1	1	1	1	1	1	1	1	1	1	1	1	1	1	1	1	1	1	1	1	1	1	1	1	1	1	1	1	1	1	1	1	1	1	1	1	1	1	1	1
47	.856855	1	1	0	1	1	0	1	0	0	0	1	0	0	0	1	0	1	1	1	1	0	0	1	0	1	0	1	0	0	1	0	0	1	1	0	0	1	1	1	0	1	1	1	0	1	0	1	1	0	0	0	1	0	0	1	1	0	0	1	1	0	0	1	0	1	0	0	0	0	1	1	1	1	1	1	1	1	0	0	1	1	0	0	0	1	1	0	0	0	0	0	1	1	0	0	1	0	0	0
48	12.616261	1	1	0	1	1	0	1	0	0	0	1	0	0	0	1	0	1	1	1	1	0	0	1	0	1	0	1	0	0	1	0	0	1	1	0	0	0	1	1	0	1	1	1	0	1	0	1	1	0	0	0	1	0	0	1	1	0	0	1	1	0	0	1	0	1	0	0	0	0	1	1	1	1	0	1	1	1	0	0	1	1	0	0	0	1	1	0	0	0	0	0	1	1	0	0	0	0	0	0
49	.00453	1	1	0	1	1	0	1	0	0	0	1	0	0	0	1	0	1	1	1	1	0	0	1	0	1	0	1	0	0	1	0	0	1	1	0	0	0	1	1	0	1	1	1	0	1	0	1	1	0	0	0	1	0	0	1	1	0	0	1	1	0	0	1	0	1	0	0	0	0	1	1	1	1	0	1	1	1	0	0	1	1	0	0	0	0	1	0	0	0	0	0	1	1	0	0	0	0	0	0
50	2.904218	1	1	0	1	1	0	1	0	0	0	1	0	0	0	1	0	1	1	1	1	0	0	1	0	1	0	1	0	0	1	0	0	1	1	0	0	0	1	1	0	1	1	1	0	1	0	1	0	0	0	0	1	0	0	1	1	0	0	1	1	0	0	1	0	1	0	0	0	0	1	1	1	1	0	1	1	1	0	0	1	1	0	0	0	0	1	0	0	0	0	0	1	1	0	0	0	0	0	0
51	.759812	1	1	0	1	1	0	1	0	0	0	1	0	0	0	1	0	1	1	1	1	0	0	1	0	1	0	1	0	0	1	0	0	1	1	0	0	0	1	1	0	1	1	1	0	1	0	1	0	0	0	0	1	0	0	1	1	0	0	1	1	0	0	1	0	1	0	0	0	0	1	1	1	1	0	1	1	0	0	0	1	1	0	0	0	0	1	0	0	0	0	0	1	1	0	0	0	0	0	0
52	.802694	1	1	0	1	1	0	1	0	0	0	1	0	0	0	1	0	1	1	1	1	0	0	1	0	1	0	1	0	0	1	0	0	1	1	0	0	0	1	1	0	1	1	1	0	1	0	1	0	0	0	0	1	0	0	1	1	0	0	0	1	0	0	1	0	1	0	0	0	0	1	1	1	1	0	1	1	0	0	0	1	1	0	0	0	0	1	0	0	0	0	0	1	1	0	0	0	0	0	0
53	.007971	1	1	0	1	1	0	1	0	0	0	1	0	0	0	1	0	1	1	1	1	0	0	1	0	1	0	1	0	0	1	0	0	1	1	0	0	0	1	1	0	1	1	1	0	1	0	1	0	0	0	0	0	0	0	1	1	0	0	0	1	0	0	1	0	1	0	0	0	0	1	1	1	1	0	1	1	0	0	0	1	1	0	0	0	0	1	0	0	0	0	0	1	1	0	0	0	0	0	0
54	.005269	1	1	0	1	1	0	1	0	0	0	1	0	0	0	1	0	1	1	1	1	0	0	1	0	1	0	1	0	0	0	0	0	1	1	0	0	0	1	1	0	1	1	1	0	1	0	1	0	0	0	0	0	0	0	0	1	0	0	0	1	0	0	1	0	1	0	0	0	0	1	1	1	1	0	1	1	0	0	0	1	1	0	0	0	0	1	0	0	0	0	0	1	0	0	0	0	0	0	0
55	27.441048	1	1	1	1	1	1	1	0	1	1	1	1	1	1	1	1	1	1	1	1	1	1	1	1	1	1	1	1	1	1	1	1	1	1	1	1	1	1	1	1	1	1	1	1	1	1	1	1	1	1	1	1	1	1	1	1	1	1	1	1	1	1	1	1	1	1	1	1	1	1	1	1	1	1	1	1	1	1	1	1	1	1	1	1	1	1	1	1	1	1	1	1	1	1	1	1	1	1	1
56	2.304798	1	1	0	1	1	0	1	0	0	0	1	0	0	1	1	0	1	1	1	1	0	0	1	0	1	1	1	1	0	1	0	0	1	1	0	0	1	1	1	0	1	1	1	0	1	0	1	1	0	0	0	1	0	0	1	1	0	0	1	1	0	0	1	0	1	0	0	0	0	1	1	1	1	1	1	1	1	0	0	1	1	0	0	0	1	1	1	0	1	0	0	1	1	0	0	1	0	0	0
57	6.239492	1	1	0	1	1	0	1	0	0	0	1	0	0	1	1	0	1	1	1	1	0	0	1	0	1	1	1	0	0	1	0	0	1	1	0	0	1	1	1	0	1	1	1	0	1	0	1	1	0	0	0	1	0	0	1	1	0	0	1	1	0	0	1	0	1	0	0	0	0	1	1	1	1	1	1	1	1	0	0	1	1	0	0	0	1	1	1	0	1	0	0	1	1	0	0	1	0	0	0
58	3.750556	1	1	0	1	1	0	1	0	0	0	1	0	0	1	1	0	1	1	1	1	0	0	1	0	1	1	1	0	0	1	0	0	1	1	0	0	1	1	1	0	1	1	1	0	1	0	1	1	0	0	0	1	0	0	1	1	0	0	1	1	0	0	1	0	1	0	0	0	0	1	1	1	1	1	1	1	1	0	0	1	1	0	0	0	1	1	1	0	0	0	0	1	1	0	0	1	0	0	0
59	.632813	1	1	0	1	1	0	1	0	0	0	1	0	0	1	1	0	1	1	1	1	0	0	1	0	1	1	1	0	0	1	0	0	1	1	0	0	1	1	1	0	1	1	1	0	1	0	1	1	0	0	0	1	0	0	1	1	0	0	1	1	0	0	1	0	1	0	0	0	0	1	1	1	1	1	1	1	1	0	0	1	1	0	0	0	1	1	0	0	0	0	0	1	1	0	0	1	0	0	0
60	10.630975	1	1	0	1	1	0	1	0	0	0	1	0	0	1	1	0	1	1	1	1	0	0	1	0	1	0	1	0	0	1	0	0	1	1	0	0	0	1	1	0	1	1	1	0	1	0	1	1	0	0	0	1	0	0	1	1	0	0	1	1	0	0	1	0	1	0	0	0	0	1	1	1	1	0	1	1	1	0	0	1	1	0	0	0	1	1	0	0	0	0	0	1	1	0	0	0	0	0	0
61	.004845	1	1	0	1	1	0	1	0	0	0	1	0	0	1	1	0	1	1	1	1	0	0	1	0	1	0	1	0	0	1	0	0	1	1	0	0	0	1	1	0	1	1	1	0	1	0	1	1	0	0	0	1	0	0	1	1	0	0	1	1	0	0	1	0	1	0	0	0	0	1	1	1	1	0	1	1	1	0	0	1	1	0	0	0	0	1	0	0	0	0	0	1	1	0	0	0	0	0	0
62	2.725567	1	1	0	1	1	0	1	0	0	0	1	0	0	1	1	0	1	1	1	1	0	0	1	0	1	0	1	0	0	1	0	0	1	1	0	0	0	1	1	0	1	1	1	0	1	0	1	0	0	0	0	1	0	0	1	1	0	0	1	1	0	0	1	0	1	0	0	0	0	1	1	1	1	0	1	1	1	0	0	1	1	0	0	0	0	1	0	0	0	0	0	1	1	0	0	0	0	0	0
63	.009726	1	1	0	1	1	0	1	0	0	0	1	0	0	1	1	0	1	1	1	1	0	0	1	0	1	0	1	0	0	1	0	0	1	1	0	0	0	1	1	0	1	1	1	0	1	0	1	0	0	0	0	1	0	0	1	1	0	0	1	1	0	0	1	0	1	0	0	0	0	1	1	1	1	0	1	1	0	0	0	1	1	0	0	0	0	1	0	0	0	0	0	1	1	0	0	0	0	0	0
64	.006287	1	1	0	1	1	0	1	0	0	0	1	0	0	1	1	0	1	1	1	1	0	0	1	0	1	0	1	0	0	1	0	0	1	1	0	0	0	1	1	0	1	1	1	0	1	0	1	0	0	0	0	1	0	0	1	1	0	0	0	1	0	0	1	0	1	0	0	0	0	1	1	1	1	0	1	1	0	0	0	1	1	0	0	0	0	1	0	0	0	0	0	1	1	0	0	0	0	0	0
65	.40364	1	1	0	1	1	0	1	0	0	0	1	0	0	1	1	0	1	1	1	1	0	0	1	0	1	0	1	0	0	1	0	0	1	1	0	0	0	1	1	0	1	1	1	0	1	0	1	0	0	0	0	0	0	0	1	1	0	0	0	1	0	0	1	0	1	0	0	0	0	1	1	1	1	0	1	1	0	0	0	1	1	0	0	0	0	1	0	0	0	0	0	1	1	0	0	0	0	0	0
66	.003821	1	1	0	1	1	0	1	0	0	0	1	0	0	1	1	0	1	1	1	1	0	0	1	0	1	0	1	0	0	0	0	0	1	1	0	0	0	1	1	0	1	1	1	0	1	0	1	0	0	0	0	0	0	0	0	1	0	0	0	1	0	0	1	0	1	0	0	0	0	1	1	1	1	0	1	1	0	0	0	1	1	0	0	0	0	1	0	0	0	0	0	1	0	0	0	0	0	0	0
67	26.44335	1	1	1	1	1	1	1	1	1	1	1	1	1	1	1	1	1	1	1	1	1	1	1	1	1	1	1	1	1	1	1	1	1	1	1	1	1	1	1	1	1	1	1	1	1	1	1	1	1	1	1	1	1	1	1	1	1	1	1	1	1	1	1	1	1	1	1	1	1	1	1	1	1	1	1	1	1	1	1	1	1	1	1	1	1	1	1	1	1	1	1	1	1	1	0	1	1	1	1
68	3.993858	1	1	0	1	1	0	1	1	0	0	1	0	0	1	1	0	1	1	1	1	0	0	1	0	1	1	1	1	0	1	0	0	1	1	0	0	1	1	1	0	1	1	1	0	1	0	1	1	0	0	0	1	0	0	1	1	0	0	1	1	0	0	1	0	1	0	0	0	0	1	1	1	1	1	1	1	1	0	0	1	1	0	0	0	1	1	1	0	1	0	0	1	1	0	0	1	0	0	0
69	3.07322	1	1	0	1	1	0	1	1	0	0	1	0	0	1	1	0	1	1	1	1	0	0	1	0	1	1	1	0	0	1	0	0	1	1	0	0	1	1	1	0	1	1	1	0	1	0	1	1	0	0	0	1	0	0	1	1	0	0	1	1	0	0	1	0	1	0	0	0	0	1	1	1	1	1	1	1	1	0	0	1	1	0	0	0	1	1	1	0	1	0	0	1	1	0	0	1	0	0	0
70	5.250169	1	1	0	1	1	0	1	1	0	0	1	0	0	1	1	0	1	1	1	1	0	0	1	0	1	1	1	0	0	1	0	0	1	1	0	0	1	1	1	0	1	1	1	0	1	0	1	1	0	0	0	1	0	0	1	1	0	0	1	1	0	0	1	0	1	0	0	0	0	1	1	1	1	1	1	1	1	0	0	1	1	0	0	0	1	1	1	0	0	0	0	1	1	0	0	1	0	0	0
71	2.589943	1	1	0	1	1	0	1	1	0	0	1	0	0	1	1	0	1	1	1	1	0	0	1	0	1	0	1	0	0	1	0	0	1	1	0	0	1	1	1	0	1	1	1	0	1	0	1	1	0	0	0	1	0	0	1	1	0	0	1	1	0	0	1	0	1	0	0	0	0	1	1	1	1	1	1	1	1	0	0	1	1	0	0	0	1	1	0	0	0	0	0	1	1	0	0	1	0	0	0
72	14.342013	1	1	0	1	1	0	1	1	0	0	1	0	0	1	1	0	1	1	1	1	0	0	1	0	1	0	1	0	0	1	0	0	1	1	0	0	0	1	1	0	1	1	1	0	1	0	1	1	0	0	0	1	0	0	1	1	0	0	1	1	0	0	1	0	1	0	0	0	0	1	1	1	1	1	1	1	1	0	0	1	1	0	0	0	1	1	0	0	0	0	0	1	1	0	0	1	0	0	0
73	11.138036	1	1	0	1	1	0	1	1	0	0	1	0	0	1	1	0	1	1	1	1	0	0	1	0	1	0	1	0	0	1	0	0	1	1	0	0	0	1	1	0	1	1	1	0	1	0	1	1	0	0	0	1	0	0	1	1	0	0	1	1	0	0	1	0	1	0	0	0	0	1	1	1	1	1	1	1	1	0	0	1	1	0	0	0	1	1	0	0	0	0	0	1	1	0	0	0	0	0	0
74	.004264	1	1	0	1	1	0	1	1	0	0	1	0	0	1	1	0	1	1	1	1	0	0	1	0	1	0	1	0	0	1	0	0	1	1	0	0	0	1	1	0	1	1	1	0	1	0	1	1	0	0	0	1	0	0	1	1	0	0	1	1	0	0	1	0	1	0	0	0	0	1	1	1	1	0	1	1	1	0	0	1	1	0	0	0	1	1	0	0	0	0	0	1	1	0	0	0	0	0	0
75	2.397077	1	1	0	1	1	0	1	1	0	0	1	0	0	1	1	0	1	1	1	1	0	0	1	0	1	0	1	0	0	1	0	0	1	1	0	0	0	1	1	0	1	1	1	0	1	0	1	1	0	0	0	1	0	0	1	1	0	0	1	1	0	0	1	0	1	0	0	0	0	1	1	1	1	0	1	1	1	0	0	1	1	0	0	0	0	1	0	0	0	0	0	1	1	0	0	0	0	0	0
76	.010312	1	1	0	1	1	0	1	1	0	0	1	0	0	1	1	0	1	1	1	1	0	0	1	0	1	0	1	0	0	1	0	0	1	1	0	0	0	1	1	0	1	1	1	0	1	0	1	0	0	0	0	1	0	0	1	1	0	0	1	1	0	0	1	0	1	0	0	0	0	1	1	1	1	0	1	1	1	0	0	1	1	0	0	0	0	1	0	0	0	0	0	1	1	0	0	0	0	0	0
77	.009671	1	1	0	1	1	0	1	1	0	0	1	0	0	1	1	0	1	1	1	1	0	0	1	0	1	0	1	0	0	1	0	0	1	1	0	0	0	1	1	0	1	1	1	0	1	0	1	0	0	0	0	1	0	0	1	1	0	0	1	1	0	0	1	0	1	0	0	0	0	1	1	1	1	0	1	1	0	0	0	1	1	0	0	0	0	1	0	0	0	0	0	1	1	0	0	0	0	0	0
78	.006177	1	1	0	1	1	0	1	1	0	0	1	0	0	1	1	0	1	1	1	1	0	0	1	0	1	0	1	0	0	1	0	0	1	1	0	0	0	1	1	0	1	1	1	0	1	0	1	0	0	0	0	1	0	0	1	1	0	0	0	1	0	0	1	0	1	0	0	0	0	1	1	1	1	0	1	1	0	0	0	1	1	0	0	0	0	1	0	0	0	0	0	1	1	0	0	0	0	0	0
79	.007365	1	1	0	1	1	0	1	1	0	0	1	0	0	1	1	0	1	1	1	1	0	0	1	0	1	0	1	0	0	1	0	0	1	1	0	0	0	1	1	0	1	1	1	0	1	0	1	0	0	0	0	0	0	0	1	1	0	0	0	1	0	0	1	0	1	0	0	0	0	1	1	1	1	0	1	1	0	0	0	1	1	0	0	0	0	1	0	0	0	0	0	1	1	0	0	0	0	0	0
80	70.722771	1	1	1	1	1	1	1	1	1	1	1	1	1	1	1	1	1	1	1	1	1	1	1	1	1	1	1	1	1	1	1	1	1	1	1	1	1	1	1	1	1	1	1	1	1	1	1	1	1	1	1	1	1	1	1	1	1	1	1	1	1	1	1	1	1	1	1	1	1	1	1	1	1	1	1	1	1	1	1	1	1	1	1	1	1	1	1	1	1	1	1	1	1	1	1	1	1	1	0
81	3.172829	1	1	0	1	1	0	1	1	0	0	1	0	0	1	1	1	1	1	1	1	0	0	1	0	1	1	1	1	0	1	0	0	1	1	0	0	1	1	1	0	1	1	1	0	1	0	1	1	0	0	0	1	0	0	1	1	0	0	1	1	0	0	1	1	1	1	0	0	0	1	1	1	1	1	1	1	1	1	0	1	1	0	0	1	1	1	1	0	1	0	0	1	1	0	1	1	1	0	0
82	2.434084	1	1	0	1	1	0	1	1	0	0	1	0	0	1	1	0	1	1	1	1	0	0	1	0	1	1	1	1	0	1	0	0	1	1	0	0	1	1	1	0	1	1	1	0	1	0	1	1	0	0	0	1	0	0	1	1	0	0	1	1	0	0	1	1	1	1	0	0	0	1	1	1	1	1	1	1	1	1	0	1	1	0	0	1	1	1	1	0	1	0	0	1	1	0	1	1	1	0	0
83	54.599949	1	1	1	1	1	1	1	1	1	1	1	1	1	1	1	1	1	1	1	1	1	1	1	1	1	1	1	1	1	1	1	1	1	1	1	1	1	1	1	1	1	1	1	1	1	0	1	1	1	1	1	1	1	1	1	1	1	1	1	1	1	1	1	1	1	1	1	1	1	1	1	1	1	1	1	1	1	1	1	1	1	1	1	1	1	1	1	1	1	1	1	1	1	1	1	1	1	1	1
84	.08482	1	1	0	1	1	0	1	1	0	0	1	0	0	1	1	1	1	1	1	1	0	0	1	0	1	1	1	1	0	1	0	1	1	1	0	0	1	1	1	0	1	1	1	0	1	0	1	1	0	0	0	1	0	1	1	1	0	0	1	1	0	0	1	1	1	1	1	1	0	1	1	1	1	1	1	1	1	1	0	1	1	0	0	1	1	1	1	0	1	0	0	1	1	0	1	1	1	0	1
85	.630632	1	1	0	1	1	0	1	1	0	0	1	0	0	1	1	0	1	1	1	1	0	0	1	0	1	1	1	1	0	1	0	0	1	1	0	0	1	1	1	0	1	1	1	0	1	0	1	1	0	0	0	1	0	0	1	1	0	0	1	1	0	0	1	1	1	1	0	0	0	1	1	1	1	1	1	1	1	1	0	1	1	0	0	1	1	1	1	0	1	0	0	1	1	0	1	1	1	0	1
86	.062908	1	1	0	1	1	0	1	1	0	0	1	0	0	1	1	0	1	1	1	1	0	0	1	0	1	1	1	1	0	1	0	0	1	1	0	0	1	1	1	0	1	1	1	0	1	0	1	1	0	0	0	1	0	0	1	1	0	0	1	1	0	0	1	0	1	0	0	0	0	1	1	1	1	1	1	1	1	0	0	1	1	0	0	0	1	1	1	0	1	0	0	1	1	0	1	1	0	0	1
87	5.993163	1	1	0	1	1	0	1	1	0	0	1	0	0	1	1	0	1	1	1	1	0	0	1	0	1	1	1	0	0	1	0	0	1	1	0	0	1	1	1	0	1	1	1	0	1	0	1	1	0	0	0	1	0	0	1	1	0	0	1	1	0	0	1	0	1	0	0	0	0	1	1	1	1	1	1	1	1	0	0	1	1	0	0	0	1	1	1	0	1	0	0	1	1	0	1	1	0	0	1
88	2.518857	1	1	0	1	1	0	1	1	0	0	1	0	0	1	1	0	1	1	1	1	0	0	1	0	1	0	1	0	0	1	0	0	1	1	0	0	1	1	1	0	1	1	1	0	1	0	1	1	0	0	0	1	0	0	1	1	0	0	1	1	0	0	1	0	1	0	0	0	0	1	1	1	1	1	1	1	1	0	0	1	1	0	0	0	1	1	0	0	0	0	0	1	1	0	1	1	0	0	1
89	16.80176	1	1	0	1	1	0	1	1	0	0	1	0	0	1	1	0	1	1	1	1	0	0	1	0	1	0	1	0	0	1	0	0	1	1	0	0	0	1	1	0	1	1	1	0	1	0	1	1	0	0	0	1	0	0	1	1	0	0	1	1	0	0	1	0	1	0	0	0	0	1	1	1	1	1	1	1	1	0	0	1	1	0	0	0	1	1	0	0	0	0	0	1	1	0	1	0	0	0	1
90	6.033174	1	1	0	1	1	0	1	1	0	0	1	0	0	1	1	0	1	1	1	1	0	0	1	0	1	0	1	0	0	1	0	0	1	1	0	0	0	1	1	0	1	1	1	0	1	0	1	1	0	0	0	1	0	0	1	1	0	0	1	1	0	0	1	0	1	0	0	0	0	1	1	1	1	0	1	1	1	0	0	1	1	0	0	0	1	1	0	0	0	0	0	1	1	0	1	0	0	0	1
91	2.229172	1	1	0	1	1	0	1	1	0	0	1	0	0	1	1	0	1	1	1	1	0	0	1	0	1	0	1	0	0	1	0	0	1	1	0	0	0	1	1	0	1	1	1	0	1	0	1	1	0	0	0	1	0	0	1	1	0	0	1	1	0	0	1	0	1	0	0	0	0	1	1	1	1	0	1	1	1	0	0	1	1	0	0	0	0	1	0	0	0	0	0	1	1	0	1	0	0	0	1
92	.00953	1	1	0	1	1	0	1	1	0	0	1	0	0	1	1	0	1	1	1	1	0	0	1	0	1	0	1	0	0	1	0	0	1	1	0	0	0	1	1	0	1	1	1	0	1	0	1	0	0	0	0	1	0	0	1	1	0	0	1	1	0	0	1	0	1	0	0	0	0	1	1	1	1	0	1	1	1	0	0	1	1	0	0	0	0	1	0	0	0	0	0	1	1	0	1	0	0	0	1
93	1.226954	1	1	0	1	1	0	1	1	0	0	1	0	0	1	1	0	1	1	1	1	0	0	1	0	1	0	1	0	0	1	0	0	1	1	0	0	0	1	1	0	1	1	1	0	1	0	1	0	0	0	0	1	0	0	1	1	0	0	1	1	0	0	1	0	1	0	0	0	0	1	1	1	1	0	1	1	0	0	0	1	1	0	0	0	0	1	0	0	0	0	0	1	1	0	1	0	0	0	1
94	.00428	1	1	0	1	1	0	1	1	0	0	1	0	0	1	1	0	1	1	1	1	0	0	1	0	1	0	1	0	0	1	0	0	1	1	0	0	0	1	1	0	1	1	1	0	1	0	1	0	0	0	0	1	0	0	1	1	0	0	0	1	0	0	1	0	1	0	0	0	0	1	1	1	1	0	1	1	0	0	0	1	1	0	0	0	0	1	0	0	0	0	0	1	1	0	1	0	0	0	1
95	1.415944	1	1	0	1	1	0	1	1	0	0	1	0	0	1	1	0	1	1	1	1	0	0	1	0	1	0	1	0	0	1	0	0	1	1	0	0	0	1	1	0	1	1	1	0	1	0	1	0	0	0	0	0	0	0	1	1	0	0	0	1	0	0	1	0	1	0	0	0	0	1	1	1	1	0	1	1	0	0	0	1	1	0	0	0	0	1	0	0	0	0	0	1	1	0	1	0	0	0	1
96	44.911736	1	1	1	1	1	1	1	1	1	1	1	1	1	1	1	1	1	1	1	1	1	1	1	1	1	1	1	1	1	1	1	1	1	1	1	1	1	1	1	1	1	1	1	1	1	1	1	1	1	1	1	1	1	1	1	1	1	1	1	1	1	1	1	1	1	1	1	1	1	1	1	1	1	1	1	1	1	1	1	1	1	1	1	1	1	1	1	1	1	1	0	1	1	1	1	1	1	1	1
97	.262987	1	1	0	1	1	0	1	1	0	0	1	0	0	1	1	0	1	1	1	1	0	0	1	0	1	1	1	1	0	1	0	0	1	1	0	0	1	1	1	0	1	1	1	0	1	1	1	1	0	0	0	1	0	0	1	1	0	0	1	1	0	0	1	1	1	0	0	0	0	1	1	1	1	1	1	1	1	1	0	1	1	0	0	0	1	1	1	0	1	0	0	1	1	0	1	1	1	0	1
98	6.655988	1	1	0	1	1	0	1	1	0	0	1	0	0	1	1	0	1	1	1	1	0	0	1	0	1	1	1	0	0	1	0	0	1	1	0	0	1	1	1	0	1	1	1	0	1	1	1	1	0	0	0	1	0	0	1	1	0	0	1	1	0	0	1	0	1	0	0	0	0	1	1	1	1	1	1	1	1	0	0	1	1	0	0	0	1	1	1	0	0	0	0	1	1	0	1	1	0	0	1
99	1.346724	1	1	0	1	1	0	1	1	0	0	1	0	0	1	1	0	1	1	1	1	0	0	1	0	1	0	1	0	0	1	0	0	1	1	0	0	0	1	1	0	1	1	1	0	1	1	1	1	0	0	0	1	0	0	1	1	0	0	1	1	0	0	1	0	1	0	0	0	0	1	1	1	1	1	1	1	1	0	0	1	1	0	0	0	1	1	0	0	0	0	0	1	1	0	1	1	0	0	1
100	11.636919	1	1	0	1	1	0	1	1	0	0	1	0	0	1	1	0	1	1	1	1	0	0	1	0	1	0	1	0	0	1	0	0	1	1	0	0	0	1	1	0	1	1	1	0	1	1	1	1	0	0	0	1	0	0	1	1	0	0	1	1	0	0	1	0	1	0	0	0	0	1	1	1	1	0	1	1	1	0	0	1	1	0	0	0	1	1	0	0	0	0	0	1	1	0	1	0	0	0	1
101	.005402	1	1	0	1	1	0	1	1	0	0	1	0	0	1	1	0	1	1	1	1	0	0	1	0	1	0	1	0	0	1	0	0	1	1	0	0	0	1	1	0	1	1	1	0	1	1	1	0	0	0	0	1	0	0	1	1	0	0	1	1	0	0	1	0	1	0	0	0	0	1	1	1	1	0	1	1	1	0	0	1	1	0	0	0	0	1	0	0	0	0	0	1	1	0	1	0	0	0	1
102	31.534271	1	1	1	1	1	1	1	1	1	1	1	1	1	1	1	1	1	1	1	1	1	1	1	1	1	1	1	1	1	1	1	1	1	1	1	1	1	1	1	1	1	1	1	0	1	1	1	1	1	1	1	1	1	1	1	1	1	1	1	1	1	1	1	1	1	1	1	1	1	1	1	1	1	1	1	1	1	1	1	1	1	1	1	1	1	1	1	1	1	1	1	1	1	1	1	1	1	1	1
103	1.066991	1	1	0	1	1	0	1	1	0	0	1	0	0	1	1	0	1	1	1	1	0	0	1	0	1	1	1	1	0	1	0	0	1	1	0	0	1	1	1	0	1	1	1	0	1	1	1	1	0	0	0	1	0	0	1	1	0	0	1	1	0	0	1	0	1	0	0	0	0	1	1	1	1	1	1	1	1	0	0	1	1	0	0	0	1	1	1	0	1	0	1	1	1	0	1	1	0	0	1
104	2.65802	1	1	0	1	1	0	1	1	0	0	1	0	0	1	1	0	1	1	1	1	0	0	1	0	1	1	1	0	0	1	0	0	1	1	0	0	1	1	1	0	1	1	1	0	1	1	1	1	0	0	0	1	0	0	1	1	0	0	1	1	0	0	1	0	1	0	0	0	0	1	1	1	1	1	1	1	1	0	0	1	1	0	0	0	1	1	1	0	1	0	1	1	1	0	1	1	0	0	1
105	2.293588	1	1	0	1	1	0	1	1	0	0	1	0	0	1	1	0	1	1	1	1	0	0	1	0	1	1	1	0	0	1	0	0	1	1	0	0	1	1	1	0	1	1	1	0	1	1	1	1	0	0	0	1	0	0	1	1	0	0	1	1	0	0	1	0	1	0	0	0	0	1	1	1	1	1	1	1	1	0	0	1	1	0	0	0	1	1	1	0	0	0	1	1	1	0	1	1	0	0	1
106	5.501477	1	1	0	1	1	0	1	1	0	0	1	0	0	1	1	0	1	1	1	1	0	0	1	0	1	1	1	0	0	1	0	0	1	1	0	0	1	1	1	0	1	1	1	0	1	1	1	1	0	0	0	1	0	0	1	1	0	0	1	1	0	0	1	0	1	0	0	0	0	1	1	1	1	1	1	1	1	0	0	1	1	0	0	0	1	1	0	0	0	0	1	1	1	0	1	1	0	0	1
107	5.23101	1	1	0	1	1	0	1	1	0	0	1	0	0	1	1	0	1	1	1	1	0	0	1	0	1	0	1	0	0	1	0	0	1	1	0	0	0	1	1	0	1	1	1	0	1	1	1	1	0	0	0	1	0	0	1	1	0	0	1	1	0	0	1	0	1	0	0	0	0	1	1	1	1	1	1	1	1	0	0	1	1	0	0	0	1	1	0	0	0	0	1	1	1	0	1	1	0	0	1
108	1.908231	1	1	0	1	1	0	1	1	0	0	1	0	0	1	1	0	1	1	1	1	0	0	1	0	1	0	1	0	0	1	0	0	1	1	0	0	0	1	1	0	1	1	1	0	1	1	1	1	0	0	0	1	0	0	1	1	0	0	1	1	0	0	1	0	1	0	0	0	0	1	1	1	1	0	1	1	1	0	0	1	1	0	0	0	1	1	0	0	0	0	1	1	1	0	1	0	0	0	1
109	.006259	1	1	0	1	1	0	1	1	0	0	1	0	0	1	1	0	1	1	1	1	0	0	1	0	1	0	1	0	0	1	0	0	1	1	0	0	0	1	1	0	1	1	1	0	1	1	1	0	0	0	0	1	0	0	1	1	0	0	1	1	0	0	1	0	1	0	0	0	0	1	1	1	1	0	1	1	1	0	0	1	1	0	0	0	0	1	0	0	0	0	1	1	1	0	1	0	0	0	1
110	.122349	1	1	0	1	1	0	1	1	0	0	1	0	0	1	1	0	1	1	1	1	0	0	1	0	1	0	1	0	0	0	0	0	1	1	0	0	0	1	1	0	1	1	1	0	1	1	1	0	0	0	0	0	0	0	0	1	0	0	0	1	0	0	1	0	1	0	0	0	0	1	1	1	1	0	1	1	0	0	0	1	1	0	0	0	0	1	0	0	0	0	1	1	0	0	1	0	0	0	1
111	26.773674	1	1	1	1	1	1	1	1	1	1	1	1	1	1	1	1	1	1	1	1	1	1	1	1	1	1	1	1	1	1	1	1	1	1	1	1	1	1	1	1	1	1	1	1	1	1	1	1	1	1	1	1	1	1	1	1	1	0	1	1	1	1	1	1	1	1	1	1	1	1	1	1	1	1	1	1	1	1	1	1	1	1	1	1	1	1	1	1	1	1	1	1	1	1	1	1	1	1	1
112	4.62517	1	1	1	1	1	1	1	1	1	1	1	1	1	1	1	1	1	1	1	1	1	1	1	1	1	1	1	1	1	1	1	1	1	1	1	1	1	1	1	1	1	1	1	1	1	1	1	1	1	1	1	1	1	1	1	1	1	0	1	1	1	1	1	1	1	1	1	1	1	1	1	1	1	1	1	1	1	1	1	1	1	1	1	1	1	1	1	1	1	1	1	1	1	1	1	1	1	0	1
113	.744679	1	1	0	1	1	0	1	1	0	0	1	0	0	1	1	1	1	1	1	1	0	0	1	0	1	1	1	1	0	1	0	0	1	1	0	0	1	1	1	0	1	1	1	1	1	1	1	1	0	0	0	1	0	0	1	1	0	0	1	1	0	0	1	1	1	1	0	0	0	1	1	1	1	1	1	1	1	1	0	1	1	0	0	1	1	1	1	0	1	0	1	1	1	0	1	1	1	0	1
114	1.965612	1	1	0	1	1	0	1	1	0	0	1	0	0	1	1	0	1	1	1	1	0	0	1	0	1	1	1	1	0	1	0	0	1	1	0	0	1	1	1	0	1	1	1	1	1	1	1	1	0	0	0	1	0	0	1	1	0	0	1	1	0	0	1	0	1	0	0	0	0	1	1	1	1	1	1	1	1	0	0	1	1	0	0	0	1	1	1	0	1	0	1	1	1	0	1	1	0	0	1
115	3.312643	1	1	0	1	1	0	1	1	0	0	1	0	0	1	1	0	1	1	1	1	0	0	1	0	1	1	1	0	0	1	0	0	1	1	0	0	1	1	1	0	1	1	1	1	1	1	1	1	0	0	0	1	0	0	1	1	0	0	1	1	0	0	1	0	1	0	0	0	0	1	1	1	1	1	1	1	1	0	0	1	1	0	0	0	1	1	1	0	0	0	1	1	1	0	1	1	0	0	1
116	25.631548	1	1	1	1	1	1	1	1	1	1	1	1	1	1	1	1	1	1	1	1	1	1	1	1	1	1	1	1	1	1	1	1	1	1	1	1	1	1	1	1	1	1	1	1	1	1	1	1	1	1	1	1	1	1	1	1	1	1	1	1	1	1	1	1	1	1	1	1	1	1	1	1	1	1	1	1	1	1	1	1	1	1	1	1	1	1	1	1	1	1	1	1	1	1	1	1	1	0	1
117	28.173485	1	1	1	1	1	1	1	1	1	1	1	0	1	1	1	1	1	1	1	1	1	1	1	1	1	1	1	1	1	1	1	1	1	1	1	1	1	1	1	1	1	1	1	1	1	1	1	1	1	1	1	1	1	1	1	1	1	1	1	1	1	1	1	1	1	1	1	1	1	1	1	1	1	1	1	1	1	1	1	1	1	1	1	1	1	1	1	1	1	1	1	1	1	1	1	1	1	1	1
118	26.420914	1	1	1	1	1	1	1	1	0	1	1	1	1	1	1	1	1	1	1	1	1	1	1	1	1	1	1	1	1	1	1	1	1	1	1	1	1	1	1	1	1	1	1	1	1	1	1	1	1	1	1	1	1	1	1	1	1	1	1	1	1	1	1	1	1	1	1	1	1	1	1	1	1	1	1	1	1	1	1	1	1	1	1	1	1	1	1	1	1	1	1	1	1	1	1	1	1	1	1
119	27.651508	1	1	1	1	1	0	1	1	1	1	1	1	1	1	1	1	1	1	1	1	1	1	1	1	1	1	1	1	1	1	1	1	1	1	1	1	1	1	1	1	1	1	1	1	1	1	1	1	1	1	1	1	1	1	1	1	1	1	1	1	1	1	1	1	1	1	1	1	1	1	1	1	1	1	1	1	1	1	1	1	1	1	1	1	1	1	1	1	1	1	1	1	1	1	1	1	1	1	1
120	1.742609	1	1	1	1	1	0	1	1	1	1	1	1	1	1	1	1	1	1	1	1	1	1	1	1	1	1	1	1	1	1	1	1	1	1	0	1	1	1	1	0	1	1	1	1	1	1	1	1	1	1	1	1	1	1	1	1	1	1	1	1	1	1	1	1	1	1	1	1	1	1	1	1	1	1	1	1	1	1	1	1	1	1	1	1	1	1	1	1	1	1	1	1	1	1	1	1	1	1	1
121	25.477991	1	1	1	1	1	1	1	1	1	1	1	1	1	1	1	1	1	1	1	1	1	1	1	1	1	1	1	1	1	1	1	1	1	1	0	1	1	1	1	1	1	1	1	1	1	1	1	1	1	1	1	1	1	1	1	1	1	1	1	1	1	1	1	1	1	1	1	1	1	1	1	1	1	1	1	1	1	1	1	1	1	1	1	1	1	1	1	1	1	1	1	1	1	1	1	1	1	1	1
122	2.258551	1	1	1	1	1	1	1	1	1	1	1	1	1	1	1	1	1	1	1	1	1	1	1	1	1	1	1	1	1	1	1	1	1	1	0	1	1	1	1	0	1	1	1	1	1	1	1	1	1	1	1	1	1	1	1	1	1	1	1	1	1	1	1	1	1	1	1	1	1	1	1	1	1	1	1	1	1	1	1	1	1	1	1	1	1	1	1	1	1	1	1	1	1	1	1	1	1	1	1
123	.182042	1	1	0	1	1	1	1	1	1	0	1	1	0	1	1	1	1	1	1	1	0	0	1	0	1	1	1	1	1	1	0	1	1	1	0	0	1	1	1	0	1	1	1	1	1	1	1	1	0	0	1	1	0	1	1	1	0	1	1	1	0	0	1	1	1	1	1	1	0	1	1	1	1	1	1	1	1	1	0	1	1	0	0	1	1	1	1	0	1	0	1	1	1	0	1	1	1	1	1
124	1.892141	1	1	0	1	1	1	1	1	1	0	1	1	0	1	1	1	1	1	1	1	0	0	1	0	1	1	1	1	0	1	0	1	1	1	0	0	1	1	1	0	1	1	1	1	1	1	1	1	0	0	0	1	0	1	1	1	0	1	1	1	0	0	1	1	1	1	1	1	0	1	1	1	1	1	1	1	1	1	0	1	1	0	0	1	1	1	1	0	1	0	1	1	1	0	1	1	1	1	1
125	1.46437	1	1	0	1	1	1	1	1	1	0	1	1	0	1	1	1	1	1	1	1	0	0	1	0	1	1	1	1	0	1	0	0	1	1	0	0	1	1	1	0	1	1	1	1	1	1	1	1	0	0	0	1	0	0	1	1	0	1	1	1	0	0	1	1	1	1	0	0	0	1	1	1	1	1	1	1	1	1	0	1	1	0	0	1	1	1	1	0	1	0	1	1	1	0	1	1	1	1	1
126	4.047331	1	1	0	1	1	1	1	1	1	0	1	1	0	1	1	0	1	1	1	1	0	0	1	0	1	1	1	1	0	1	0	0	1	1	0	0	1	1	1	0	1	1	1	1	1	1	1	1	0	0	0	1	0	0	1	1	0	1	1	1	0	0	1	0	1	0	0	0	0	1	1	1	1	1	1	1	1	0	0	1	1	0	0	0	1	1	1	0	1	0	1	1	1	0	1	1	0	1	1
127	2.493568	1	1	0	1	1	1	1	1	1	0	1	1	0	1	1	0	1	1	1	1	0	0	1	0	1	1	1	0	0	1	0	0	1	1	0	0	1	1	1	0	1	1	1	1	1	1	1	1	0	0	0	1	0	0	1	1	0	1	1	1	0	0	1	0	1	0	0	0	0	1	1	1	1	1	1	1	1	0	0	1	1	0	0	0	1	1	1	0	0	0	1	1	1	0	1	1	0	1	1
128	1.30571	1	1	0	1	1	1	1	1	1	0	1	1	0	1	1	0	1	1	1	1	0	0	1	0	1	0	1	0	0	1	0	0	1	1	0	0	1	1	1	0	1	1	1	1	1	1	1	1	0	0	0	1	0	0	1	1	0	1	1	1	0	0	1	0	1	0	0	0	0	1	1	1	1	1	1	1	1	0	0	1	1	0	0	0	1	1	0	0	0	0	1	1	1	0	1	1	0	1	1
129	1.001829	1	1	0	1	1	1	1	1	1	0	1	1	0	1	1	0	1	1	1	1	0	0	1	0	1	0	1	0	0	1	0	0	1	1	0	0	0	1	1	0	1	1	1	1	1	1	1	0	0	0	0	1	0	0	1	1	0	1	1	1	0	0	1	0	1	0	0	0	0	1	1	1	1	0	1	1	1	0	0	1	1	0	0	0	0	1	0	0	0	0	1	1	1	0	1	0	0	1	1
130	14.472388	1	1	1	1	1	1	1	1	1	1	1	1	1	1	1	1	1	1	1	1	1	1	1	1	1	1	1	1	1	1	1	1	1	1	1	1	1	1	1	0	1	1	1	1	1	1	1	1	1	1	1	1	1	1	1	1	1	1	1	1	1	1	1	1	1	1	1	1	1	1	1	1	1	1	1	1	1	1	1	1	1	1	1	1	1	1	1	1	1	1	1	1	1	1	1	1	1	1	1
131	2.410213	1	1	1	1	1	1	1	1	1	1	1	1	1	1	1	1	1	1	1	1	0	1	1	1	1	1	1	1	1	1	1	1	1	1	1	1	1	1	1	0	1	1	1	1	1	1	1	1	1	1	1	1	1	1	1	1	1	1	1	1	1	1	1	1	1	1	1	1	1	1	1	1	1	1	1	1	1	1	1	1	1	1	1	1	1	1	1	1	1	1	1	1	1	1	1	1	1	1	1
132	4.21346	1	1	1	1	1	1	1	1	1	1	1	1	1	1	1	1	1	1	1	1	0	1	1	1	1	1	1	1	1	1	1	1	1	1	1	1	1	1	1	0	1	1	1	1	1	1	1	1	1	1	1	1	1	1	1	1	1	1	1	1	1	1	1	1	1	1	1	1	1	1	1	1	1	1	1	1	1	1	0	1	1	1	1	1	1	1	1	1	1	1	1	1	1	1	1	1	1	1	1
133	2.378823	1	1	0	1	1	1	1	1	1	0	1	1	0	1	1	1	1	1	1	1	0	0	1	0	1	1	1	1	1	1	0	1	1	1	1	0	1	1	1	0	1	1	1	1	1	1	1	1	0	0	1	1	0	1	1	1	0	1	1	1	0	0	1	1	1	1	1	1	0	1	1	1	1	1	1	1	1	1	0	1	1	0	0	1	1	1	1	0	1	0	1	1	1	0	1	1	1	1	1
134	1.817876	1	1	0	1	1	1	1	1	1	0	1	1	0	1	1	0	1	1	1	1	0	0	1	0	1	1	1	1	0	1	0	0	1	1	1	0	1	1	1	0	1	1	1	1	1	1	1	1	0	0	0	1	0	0	1	1	0	1	1	1	0	0	1	1	1	1	0	0	0	1	1	1	1	1	1	1	1	1	0	1	1	0	0	1	1	1	1	0	1	0	1	1	1	0	1	1	1	1	1
135	.990619	1	1	0	1	1	1	1	1	1	0	1	1	0	1	1	0	1	1	1	1	0	0	1	0	1	1	1	1	0	1	0	0	1	1	1	0	1	1	1	0	1	1	1	1	1	1	1	1	0	0	0	1	0	0	1	1	0	1	1	1	0	0	1	1	1	0	0	0	0	1	1	1	1	1	1	1	1	1	0	1	1	0	0	0	1	1	1	0	1	0	1	1	1	0	1	1	1	1	1
136	1.467401	1	1	0	1	1	1	1	1	1	0	1	1	0	1	1	0	1	1	1	1	0	0	1	0	1	1	1	0	0	1	0	0	1	1	1	0	1	1	1	0	1	1	1	1	1	1	1	1	0	0	0	1	0	0	1	1	0	1	1	1	0	0	1	0	1	0	0	0	0	1	1	1	1	1	1	1	1	0	0	1	1	0	0	0	1	1	0	0	0	0	1	1	1	0	1	1	0	1	1
137	1.132618	1	1	0	1	1	1	1	1	1	0	1	1	0	1	1	0	1	1	1	1	0	0	1	0	1	0	1	0	0	1	0	0	1	1	1	0	0	1	1	0	1	1	1	1	1	1	1	1	0	0	0	1	0	0	1	1	0	1	1	1	0	0	1	0	1	0	0	0	0	1	1	1	1	0	1	1	1	0	0	1	1	0	0	0	1	1	0	0	0	0	1	1	1	0	1	0	0	1	1
138	13.530438	1	1	1	1	1	1	1	1	1	1	1	1	1	1	1	1	1	1	1	1	0	1	1	1	1	1	1	1	1	1	1	1	1	1	1	1	1	1	1	1	1	1	1	1	1	1	1	1	1	1	1	1	1	1	1	1	1	1	1	1	1	1	1	1	1	1	1	1	1	1	1	1	1	1	1	1	1	1	1	1	1	1	1	1	1	1	1	1	1	1	1	1	1	1	1	1	1	1	1
139	4.825745	1	1	1	1	1	1	1	1	1	1	1	1	1	1	1	1	1	1	1	1	0	1	1	1	1	1	1	1	1	1	1	1	1	1	1	1	1	1	1	1	1	1	1	1	1	1	1	1	1	1	1	1	1	1	1	1	1	1	1	1	1	1	1	1	1	1	1	1	1	1	1	1	1	1	1	1	1	1	0	1	1	1	1	1	1	1	1	1	1	1	1	1	1	1	1	1	1	1	1
140	18.005354	1	1	1	1	1	1	1	1	1	1	1	1	1	1	1	1	1	1	1	1	1	1	1	1	1	1	1	1	1	1	1	1	1	1	1	1	1	1	1	1	1	1	1	1	1	1	1	1	1	1	1	1	1	1	1	1	1	1	1	1	1	1	1	1	1	1	1	1	1	1	1	1	1	1	1	1	1	1	0	1	1	1	1	1	1	1	1	1	1	1	1	1	1	1	1	1	1	1	1
141	40.664135	1	1	1	1	1	1	1	1	1	1	1	1	1	1	1	1	1	1	1	1	1	1	1	1	1	1	1	1	1	1	1	1	1	1	1	1	1	1	1	1	1	1	1	1	1	1	1	1	1	1	1	1	1	1	1	1	1	1	1	1	1	1	1	1	1	1	1	1	1	1	1	1	1	1	1	1	1	1	1	1	1	1	1	1	1	1	1	1	1	1	1	1	1	0	1	1	1	1	1
142	25.572592	1	1	1	1	1	1	1	1	1	1	1	1	1	1	1	1	1	1	1	1	1	1	1	1	1	1	1	1	1	1	1	1	1	1	1	1	1	1	1	1	1	1	1	1	1	1	1	1	1	1	1	1	1	1	1	1	1	1	1	1	1	1	1	1	1	1	1	1	1	1	1	1	1	1	1	1	1	1	1	1	1	1	1	1	1	1	1	0	1	1	1	1	1	1	1	1	1	1	1
143	.712395	1	1	1	1	1	1	1	1	1	1	1	1	1	1	1	1	1	1	1	1	1	0	1	1	1	1	1	1	1	1	1	1	1	1	1	1	1	1	1	1	1	1	1	1	1	1	1	1	1	1	1	1	1	1	1	1	1	1	1	1	1	1	1	1	1	1	1	1	1	1	1	1	1	1	1	1	1	1	1	1	1	1	1	1	1	1	1	0	1	1	1	1	1	1	1	1	1	1	1
144	1.856737	1	1	1	1	1	1	1	1	1	1	1	1	1	1	1	1	1	1	1	1	1	0	1	1	1	1	1	1	1	1	1	1	1	1	1	1	1	1	1	1	1	1	1	1	1	1	1	1	1	1	1	1	1	1	1	1	1	1	1	1	1	1	1	1	1	1	1	1	1	1	1	1	1	1	1	1	1	1	1	1	1	1	0	1	1	1	1	0	1	1	1	1	1	1	1	1	1	1	1
145	.090221	1	1	0	1	1	1	1	1	1	1	1	1	1	1	1	1	1	1	1	1	1	0	1	1	1	1	1	1	1	1	1	1	1	1	1	1	1	1	1	1	1	1	1	1	1	1	1	1	1	1	1	1	1	1	1	1	1	1	1	1	1	0	1	1	1	1	1	1	1	1	1	1	1	1	1	1	1	1	1	1	1	0	0	1	1	1	1	0	1	1	1	1	1	1	1	1	1	1	1
146	24.824413	1	1	1	1	1	1	1	1	1	1	1	1	1	1	1	1	1	1	1	1	1	0	1	1	1	1	1	1	1	1	1	1	1	1	1	1	1	1	1	1	1	1	1	1	1	1	1	1	1	1	1	1	1	1	1	1	1	1	1	1	1	1	1	1	1	1	1	1	1	1	1	1	1	1	1	1	1	1	1	1	1	1	1	1	1	1	1	1	1	1	1	1	1	1	1	1	1	1	1
147	.270235	1	1	1	1	1	1	1	1	1	1	1	1	1	1	1	1	1	1	1	1	1	0	1	1	1	1	1	1	1	1	1	1	1	1	1	1	1	1	1	1	1	1	1	1	1	1	1	1	1	1	1	1	1	1	1	1	1	1	1	1	1	1	1	1	1	1	1	1	1	1	1	1	1	1	1	1	1	1	1	1	1	1	0	1	1	1	1	1	1	1	1	1	1	1	1	1	1	1	1
148	1.041563	1	1	1	1	1	1	1	1	1	1	1	1	1	1	1	1	1	1	1	1	1	0	1	1	1	1	1	1	1	1	1	1	1	1	1	1	1	1	1	1	1	1	1	1	1	1	1	1	1	1	1	1	1	1	1	1	1	1	1	1	1	0	1	1	1	1	1	1	1	1	1	1	1	1	1	1	1	1	1	1	1	0	0	1	1	1	1	1	1	1	1	1	1	1	1	1	1	1	1
149	26.664728	1	1	1	1	1	1	1	1	1	1	1	1	1	1	1	1	1	1	1	1	1	1	1	1	1	1	1	1	1	1	1	1	1	1	1	1	1	1	1	1	1	1	1	1	1	1	1	1	1	1	1	1	1	1	1	1	1	1	1	1	1	1	1	1	1	1	1	1	1	1	1	1	1	1	1	1	1	1	1	1	1	1	0	1	1	1	1	1	1	1	1	1	1	1	1	1	1	1	1
150	1.049703	1	1	1	1	1	1	1	1	1	1	1	1	1	1	1	1	1	1	1	1	1	1	1	1	1	1	1	1	1	1	1	1	1	1	1	1	1	1	1	1	1	1	1	1	1	1	1	1	1	1	1	1	1	1	1	1	1	1	1	1	1	0	1	1	1	1	1	1	1	1	1	1	1	1	1	1	1	1	1	1	1	0	0	1	1	1	1	1	1	1	1	1	1	1	1	1	1	1	1
151	2.016592	1	1	0	1	1	1	1	1	1	1	1	1	1	1	1	1	1	1	1	1	1	1	1	1	1	1	1	1	1	1	1	1	1	1	1	1	1	1	1	1	1	1	1	1	1	1	1	1	1	1	1	1	1	1	1	1	1	1	1	1	1	0	1	1	1	1	1	1	1	1	1	1	1	1	1	1	1	1	1	1	1	0	0	1	1	1	1	1	1	1	1	1	1	1	1	1	1	1	1
152	1.614825	1	1	0	1	1	1	1	1	1	0	1	1	0	1	1	1	1	1	1	1	1	1	1	0	1	1	1	1	1	1	0	1	1	1	1	0	1	1	1	1	1	1	1	1	1	1	1	1	0	0	0	1	0	1	1	1	0	1	1	1	0	0	1	1	1	1	1	1	0	1	1	1	1	1	1	1	1	1	1	1	1	0	0	1	1	1	1	1	1	0	1	1	1	1	1	1	1	1	1
153	25.586458	1	1	1	1	1	1	1	1	1	1	1	1	1	1	1	1	1	1	1	1	1	1	1	1	1	1	1	1	1	1	1	1	1	1	1	1	1	1	1	1	1	1	1	1	1	1	1	1	1	1	1	1	1	1	1	1	1	1	1	1	1	0	1	1	1	1	1	1	1	1	1	1	1	1	1	1	1	1	1	1	1	1	1	1	1	1	1	1	1	1	1	1	1	1	1	1	1	1	1
154	1.492171	1	1	0	1	1	1	1	1	1	0	1	1	0	1	1	1	1	1	1	1	1	1	1	0	1	1	1	1	0	1	0	1	1	1	1	0	1	1	1	1	1	1	1	1	1	1	1	1	0	0	0	1	0	1	1	1	0	1	1	1	0	0	1	1	1	1	1	1	0	1	1	1	1	1	1	1	1	1	1	1	1	0	1	1	1	1	1	1	1	0	1	1	1	1	1	1	1	1	1
155	2.232112	1	1	0	1	1	1	1	1	1	0	1	1	0	1	1	0	1	1	1	1	1	1	1	0	1	1	1	1	0	1	0	0	1	1	1	0	1	1	1	1	1	1	1	1	1	1	1	1	0	0	0	1	0	0	1	1	0	1	1	1	0	0	1	1	1	0	0	0	0	1	1	1	1	1	1	1	1	1	1	1	1	0	1	0	1	1	1	1	1	0	1	1	1	1	1	1	1	1	1
156	.711752	1	1	0	1	1	1	1	1	1	0	1	1	0	1	1	0	1	1	1	1	1	1	1	0	1	1	1	0	0	1	0	0	1	1	1	0	1	1	1	1	1	1	1	1	1	1	1	1	0	0	0	1	0	0	1	1	0	1	1	1	0	0	1	0	1	0	0	0	0	1	1	1	1	1	1	1	1	0	1	1	1	0	1	0	1	1	1	1	0	0	1	1	1	1	1	1	0	1	1
157	11.218485	1	1	1	1	1	1	1	1	1	1	1	1	1	1	1	1	1	1	1	1	1	1	1	1	1	1	1	1	1	1	1	1	1	1	1	1	1	1	1	1	1	1	1	1	1	1	1	1	1	1	1	1	1	1	1	1	1	1	1	1	1	1	1	1	1	1	1	1	1	1	1	1	1	1	1	1	1	1	1	1	1	0	1	1	1	1	1	1	1	1	1	1	1	1	1	1	1	1	1
158	9.579645	1	1	0	1	1	1	1	1	1	1	1	1	1	1	1	1	1	1	1	1	1	1	1	1	1	1	1	1	1	1	1	1	1	1	1	1	1	1	1	1	1	1	1	1	1	1	1	1	1	1	1	1	1	1	1	1	1	1	1	1	1	1	1	1	1	1	1	1	1	1	1	1	1	1	1	1	1	1	1	1	1	0	1	1	1	1	1	1	1	1	1	1	1	1	1	1	1	1	1
159	19.810598	1	1	0	1	1	1	1	1	1	1	1	1	1	1	1	1	1	1	1	1	1	1	1	1	1	1	1	1	1	1	1	1	1	1	1	1	1	1	1	1	1	1	1	1	1	1	1	1	1	1	1	1	1	1	1	1	1	1	1	1	1	1	1	1	1	1	1	1	1	1	1	1	1	1	1	1	1	1	1	1	1	1	1	1	1	1	1	1	1	1	1	1	1	1	1	1	1	1	1
160	1.644391	1	1	0	1	1	1	1	1	1	1	1	1	0	1	1	1	1	1	1	1	1	1	1	1	1	1	1	1	1	1	1	1	1	1	1	1	1	1	1	1	1	1	1	1	1	1	1	1	1	1	1	1	1	1	1	1	1	1	1	1	1	1	1	1	1	1	1	1	1	1	1	1	1	1	1	1	1	1	1	1	1	1	1	1	1	1	1	1	1	1	1	1	1	1	1	1	1	1	1
161	46.87207	1	1	1	1	1	1	1	1	1	1	1	1	0	1	1	1	1	1	1	1	1	1	1	1	1	1	1	1	1	1	1	1	1	1	1	1	1	1	1	1	1	1	1	1	1	1	1	1	1	1	1	1	1	1	1	1	1	1	1	1	1	1	1	1	1	1	1	1	1	1	1	1	1	1	1	1	1	1	1	1	1	1	1	1	1	1	1	1	1	1	1	1	1	1	1	1	1	1	1
162	27.090025	1	1	1	1	1	1	1	1	1	0	1	1	1	1	1	1	1	1	1	1	1	1	1	1	1	1	1	1	1	1	1	1	1	1	1	1	1	1	1	1	1	1	1	1	1	1	1	1	1	1	1	1	1	1	1	1	1	1	1	1	1	1	1	1	1	1	1	1	1	1	1	1	1	1	1	1	1	1	1	1	1	1	1	1	1	1	1	1	1	1	1	1	1	1	1	1	1	1	1
163	1.805526	1	1	1	1	1	1	1	1	1	0	1	1	1	1	1	1	1	1	1	1	1	1	1	1	1	1	1	1	1	1	0	1	1	1	1	1	1	1	1	1	1	1	1	1	1	1	1	1	1	1	1	1	1	1	1	1	1	1	1	1	1	1	1	1	1	1	1	1	1	1	1	1	1	1	1	1	1	1	1	1	1	1	1	1	1	1	1	1	1	1	1	1	1	1	1	1	1	1	1
164	1.797505	1	1	1	1	1	1	1	1	1	0	1	1	1	1	1	1	1	1	1	1	1	1	1	0	1	1	1	1	1	1	0	1	1	1	1	0	1	1	1	1	1	1	1	1	1	1	1	1	0	1	1	1	0	1	1	1	1	1	1	1	1	1	1	1	1	1	1	1	0	1	1	1	1	1	1	1	1	1	1	1	1	1	1	1	1	1	1	1	1	1	1	1	1	1	1	1	1	1	1
165	1.32997	1	1	1	1	1	1	1	1	1	0	1	1	1	1	1	1	1	1	1	1	1	1	1	0	1	1	1	1	1	1	0	1	1	1	1	0	1	1	1	1	1	1	1	1	1	1	1	1	0	0	1	1	0	1	1	1	0	1	1	1	0	1	1	1	1	1	1	1	0	1	1	1	1	1	1	1	1	1	1	1	1	1	1	1	1	1	1	1	1	0	1	1	1	1	1	1	1	1	1
166	.304265	1	1	1	1	1	1	1	1	1	0	1	1	1	1	1	1	1	1	1	1	1	1	1	0	1	1	1	1	0	1	0	1	1	1	1	0	1	1	1	1	1	1	1	1	1	1	1	1	0	0	0	1	0	1	1	1	0	1	1	1	0	1	1	1	1	1	1	1	0	1	1	1	1	1	1	1	1	1	1	1	1	1	1	1	1	1	1	1	1	0	1	1	1	1	1	1	1	1	1
167	28.836788	1	1	1	1	1	1	1	1	1	1	1	1	1	1	1	1	1	1	1	1	1	1	1	1	1	1	1	1	1	1	0	1	1	1	1	1	1	1	1	1	1	1	1	1	1	1	1	1	1	1	1	1	1	1	1	1	1	1	1	1	1	1	1	1	1	1	1	1	1	1	1	1	1	1	1	1	1	1	1	1	1	1	1	1	1	1	1	1	1	1	1	1	1	1	1	1	1	1	1
168	3.339529	1	1	1	1	1	1	1	1	1	1	1	1	1	1	1	1	1	1	1	1	1	1	1	1	1	1	1	1	1	1	0	1	1	1	1	1	1	1	1	1	1	1	1	1	1	1	1	1	0	1	1	1	1	1	1	1	1	1	1	1	1	1	1	1	1	1	1	1	1	1	1	1	1	1	1	1	1	1	1	1	1	1	1	1	1	1	1	1	1	1	1	1	1	1	1	1	1	1	1
169	38.089863	1	1	1	1	1	1	1	1	1	1	1	1	1	1	1	1	1	1	1	1	1	1	1	1	1	1	1	1	1	1	1	1	1	1	1	1	1	1	1	1	1	1	1	1	1	1	1	1	0	1	1	1	1	1	1	1	1	1	1	1	1	1	1	1	1	1	1	1	1	1	1	1	1	1	1	1	1	1	1	1	1	1	1	1	1	1	1	1	1	1	1	1	1	1	1	1	1	1	1
170	.715388	1	1	1	1	1	1	1	1	1	1	1	1	1	1	1	1	1	1	1	1	1	1	1	0	1	1	1	1	1	1	1	1	1	1	1	1	1	1	1	1	1	1	1	1	1	1	1	1	0	1	1	1	0	1	1	1	1	1	1	1	1	1	1	1	1	1	1	1	0	1	1	1	1	1	1	1	1	1	1	1	1	1	1	1	1	1	1	1	1	1	1	1	1	1	1	1	1	1	1
171	31.042866	1	1	1	1	1	1	1	1	1	1	1	1	1	1	1	1	1	1	1	1	1	1	1	1	1	1	1	1	1	1	1	1	1	1	1	1	1	1	1	1	1	1	1	1	1	1	1	1	1	1	1	1	1	1	1	1	1	1	1	1	1	1	1	1	1	1	1	1	0	1	1	1	1	1	1	1	1	1	1	1	1	1	1	1	1	1	1	1	1	1	1	1	1	1	1	1	1	1	1
172	27.482447	1	1	1	1	1	1	1	1	1	1	1	1	1	1	1	1	1	1	1	1	1	1	1	0	1	1	1	1	1	1	1	1	1	1	1	1	1	1	1	1	1	1	1	1	1	1	1	1	1	1	1	1	1	1	1	1	1	1	1	1	1	1	1	1	1	1	1	1	1	1	1	1	1	1	1	1	1	1	1	1	1	1	1	1	1	1	1	1	1	1	1	1	1	1	1	1	1	1	1
173	8.319642	1	1	1	1	1	1	1	1	1	1	1	1	1	1	1	1	1	1	1	1	1	1	1	0	1	1	1	1	1	1	1	1	1	1	1	0	1	1	1	1	1	1	1	1	1	1	1	1	1	1	1	1	0	1	1	1	1	1	1	1	1	1	1	1	1	1	1	1	1	1	1	1	1	1	1	1	1	1	1	1	1	1	1	1	1	1	1	1	1	1	1	1	1	1	1	1	1	1	1
174	2.923328	1	1	1	1	1	1	1	1	1	1	1	1	1	1	1	1	1	1	1	1	1	1	1	0	1	1	1	1	1	1	1	1	1	1	1	0	1	1	1	1	1	1	1	1	1	1	1	1	1	1	1	1	0	1	1	1	0	1	1	1	1	1	1	1	1	1	1	1	1	1	1	1	1	1	1	1	1	1	1	1	1	1	1	1	1	1	1	1	1	0	1	1	1	1	1	1	1	1	1
175	2.469034	1	1	1	1	1	1	1	1	1	1	1	1	1	1	1	1	1	1	1	1	1	1	1	0	1	1	1	1	1	1	1	1	1	1	1	0	1	1	1	1	1	1	1	1	1	1	1	1	1	1	1	1	0	1	1	1	0	1	1	1	0	1	1	1	1	1	1	1	1	1	1	1	1	1	1	1	1	1	1	1	1	1	1	1	1	1	1	1	1	0	1	1	1	1	1	1	1	1	1
176	2.770058	1	1	1	1	1	1	1	1	1	1	1	1	1	1	1	1	1	1	1	1	1	1	1	0	1	1	1	1	0	1	1	1	1	1	1	0	1	1	1	1	1	1	1	1	1	1	1	1	1	0	0	1	0	1	1	1	0	1	1	1	0	1	1	1	1	1	1	1	1	1	1	1	1	1	1	1	1	1	1	1	1	1	1	1	1	1	1	1	1	0	1	1	1	1	1	1	1	1	1
177	.470049	1	1	1	1	1	1	1	1	1	1	1	1	1	1	1	0	1	1	1	1	1	1	1	0	1	1	1	1	0	1	1	0	1	1	1	0	1	1	1	1	1	1	1	1	1	1	1	1	1	0	0	1	0	0	1	1	0	1	1	1	0	1	1	1	1	1	0	0	1	1	1	1	1	1	1	1	1	1	1	1	1	1	1	1	1	1	1	1	1	0	1	1	1	1	1	1	1	1	1
178	1.474301	1	1	1	1	1	1	1	1	1	1	1	1	1	1	1	0	1	1	1	1	1	1	1	0	1	1	1	1	0	1	1	0	1	1	1	0	1	1	1	1	1	1	1	1	1	1	1	1	1	0	0	1	0	0	1	1	0	1	1	1	0	1	1	0	1	0	0	0	1	1	1	1	1	1	1	1	1	0	1	1	1	1	1	0	1	1	1	1	1	0	1	1	1	1	1	1	0	1	1
179	.275226	1	1	1	1	1	1	1	1	1	1	1	1	1	1	1	0	1	1	1	1	1	1	1	0	1	1	1	0	0	1	1	0	1	1	1	0	1	1	1	1	1	1	1	1	1	1	1	1	1	0	0	1	0	0	1	1	0	1	1	1	0	1	1	0	1	0	0	0	1	1	1	1	1	1	1	1	1	0	1	1	1	1	1	0	1	1	1	1	1	0	1	1	1	1	1	1	0	1	1
180	.516288	1	1	1	1	1	1	1	1	1	1	1	1	1	1	1	0	1	1	1	1	1	1	1	0	1	1	1	0	0	1	1	0	1	1	1	0	1	1	1	1	1	1	1	1	1	1	1	1	1	0	0	1	0	0	1	1	0	1	1	1	0	1	1	0	1	0	0	0	1	1	1	1	1	1	1	1	1	0	1	1	1	1	1	0	1	1	1	1	0	0	1	1	1	1	1	1	0	1	1
181	27.051142	1	1	1	1	1	1	1	1	1	1	1	1	1	1	1	1	1	1	1	1	1	1	1	1	1	1	1	1	1	1	1	1	1	1	1	1	1	1	1	1	1	1	1	1	1	1	1	1	1	1	1	1	0	1	1	1	1	1	1	1	1	1	1	1	1	1	1	1	1	1	1	1	1	1	1	1	1	1	1	1	1	1	1	1	1	1	1	1	1	1	1	1	1	1	1	1	1	1	1
182	4.068023	1	1	1	1	1	1	1	1	1	1	1	1	1	1	1	1	1	1	1	1	1	1	1	1	1	1	1	1	1	1	1	1	1	1	1	0	1	1	1	1	1	1	1	1	1	1	1	1	1	1	1	1	0	1	1	1	1	1	1	1	1	1	1	1	1	1	1	1	1	1	1	1	1	1	1	1	1	1	1	1	1	1	1	1	1	1	1	1	1	1	1	1	1	1	1	1	1	1	1
183	1.387052	1	1	1	1	1	1	1	1	1	1	1	1	1	1	1	1	1	1	1	1	1	1	1	1	1	1	1	1	1	1	1	1	1	1	1	0	1	1	1	1	1	1	1	1	1	1	1	1	1	1	1	1	0	1	1	1	1	1	1	1	1	1	1	1	1	1	1	1	1	1	1	1	1	1	1	1	1	1	1	1	1	1	1	1	1	1	1	1	1	0	1	1	1	1	1	1	1	1	1
184	14.535129	1	1	1	1	1	1	1	1	1	1	1	1	1	1	1	1	1	1	1	1	1	1	1	1	1	1	1	1	1	1	1	1	1	1	1	0	1	1	1	1	1	1	1	1	1	1	1	1	1	1	1	1	1	1	1	1	1	1	1	1	1	1	1	1	1	1	1	1	1	1	1	1	1	1	1	1	1	1	1	1	1	1	1	1	1	1	1	1	1	1	1	1	1	1	1	1	1	1	1
185	1.270503	1	1	1	1	1	1	1	1	1	1	1	1	1	1	1	1	1	1	1	1	1	1	1	1	1	1	1	1	1	1	1	1	1	1	1	0	1	1	1	1	1	1	1	1	1	1	1	1	1	1	1	1	1	1	1	1	0	1	1	1	1	1	1	1	1	1	1	1	1	1	1	1	1	1	1	1	1	1	1	1	1	1	1	1	1	1	1	1	1	0	1	1	1	1	1	1	1	1	1
186	16.28686	1	1	1	1	1	1	1	1	1	1	1	1	1	1	1	1	1	1	1	1	1	1	1	1	1	1	1	1	1	1	1	1	1	1	1	1	1	1	1	1	1	1	1	1	1	1	1	1	1	1	1	1	1	1	1	1	1	1	1	1	1	1	1	1	1	1	1	1	1	1	1	1	1	1	1	1	1	1	1	1	1	1	1	1	1	1	1	1	1	0	1	1	1	1	1	1	1	1	1
187	3.220207	1	1	1	1	1	1	1	1	1	1	1	1	1	1	1	1	1	1	1	1	1	1	1	1	1	1	1	1	1	1	1	1	1	1	1	1	1	1	1	1	1	1	1	1	1	1	1	1	1	1	1	1	1	1	1	1	0	1	1	1	1	1	1	1	1	1	1	1	1	1	1	1	1	1	1	1	1	1	1	1	1	1	1	1	1	1	1	1	1	0	1	1	1	1	1	1	1	1	1
188	15.929128	1	1	1	1	1	1	1	1	1	1	1	1	1	1	1	1	1	1	1	1	1	1	1	1	1	1	1	1	1	1	1	1	1	1	1	1	1	1	1	1	1	1	1	1	1	1	1	1	1	1	1	1	1	1	1	1	0	1	1	1	1	1	1	1	1	1	1	1	1	1	1	1	1	1	1	1	1	1	1	1	1	1	1	1	1	1	1	1	1	1	1	1	1	1	1	1	1	1	1
189	2.285972	1	1	1	1	1	1	1	1	1	1	1	1	1	1	1	1	1	1	1	1	1	1	1	1	1	1	1	1	1	1	1	1	1	1	1	1	1	1	1	1	1	1	1	1	1	1	1	1	1	1	1	1	1	1	1	1	0	1	1	1	0	1	1	1	1	1	1	1	1	1	1	1	1	1	1	1	1	1	1	1	1	1	1	1	1	1	1	1	1	1	1	1	1	1	1	1	1	1	1
190	.79867	1	1	1	1	1	1	1	1	1	1	1	1	1	1	1	1	1	1	1	1	1	1	1	1	1	1	1	1	1	1	1	1	1	1	1	1	1	1	1	1	1	1	1	1	1	1	1	1	1	0	1	1	1	1	1	1	0	1	1	1	0	1	1	1	1	1	1	1	1	1	1	1	1	1	1	1	1	1	1	1	1	1	1	1	1	1	1	1	1	1	1	1	1	1	1	1	1	1	1
191	.323938	1	1	1	1	1	1	1	1	1	1	1	1	1	1	1	1	1	1	1	1	1	1	1	1	1	1	1	1	0	1	1	0	1	1	1	1	1	1	1	1	1	1	1	1	1	1	1	1	1	0	0	1	1	0	1	1	0	1	1	1	0	1	1	1	1	1	0	1	1	1	1	1	1	1	1	1	1	1	1	1	1	1	1	1	1	1	1	1	1	1	1	1	1	1	1	1	1	1	1
192	.37764	1	1	1	1	1	1	1	1	1	1	1	1	1	1	1	1	1	1	1	1	1	1	1	1	1	1	1	1	0	1	1	0	1	1	1	1	1	1	1	1	1	1	1	1	1	1	1	1	1	0	0	1	1	0	1	1	0	1	1	1	0	1	1	1	1	1	0	0	1	1	1	1	1	1	1	1	1	1	1	1	1	1	1	1	1	1	1	1	1	1	1	1	1	1	1	1	1	1	1
193	20.391764	1	1	1	1	1	1	1	1	1	1	1	1	1	1	1	1	1	1	1	1	1	1	1	1	1	1	1	1	1	1	1	1	1	1	1	1	1	1	1	1	1	1	1	1	1	1	1	1	1	1	1	1	1	1	1	1	1	1	1	1	0	1	1	1	1	1	1	1	1	1	1	1	1	1	1	1	1	1	1	1	1	1	1	1	1	1	1	1	1	1	1	1	1	1	1	1	1	1	1
194	.528494	1	1	1	1	1	1	1	1	1	1	1	1	1	1	1	1	1	1	1	1	1	1	1	1	1	1	1	1	1	1	1	1	1	1	1	1	1	1	1	1	1	1	1	1	1	1	1	1	1	0	1	1	1	1	1	1	1	1	1	1	0	1	1	1	1	1	1	1	1	1	1	1	1	1	1	1	1	1	1	1	1	1	1	1	1	1	1	1	1	1	1	1	1	1	1	1	1	1	1
195	.85729	1	1	1	1	1	1	1	1	1	1	1	1	1	1	1	1	1	1	1	1	1	1	1	1	1	1	1	1	1	1	1	1	1	1	1	1	1	1	1	1	1	1	1	1	1	1	1	1	1	0	0	1	1	1	1	1	1	1	1	1	0	1	1	1	1	1	1	1	1	1	1	1	1	1	1	1	1	1	1	1	1	1	1	1	1	1	1	1	1	1	1	1	1	1	1	1	1	1	1
196	24.930809	1	1	1	1	1	1	1	1	1	1	1	1	1	1	1	1	1	1	1	1	1	1	1	1	1	1	1	1	1	1	1	1	1	1	1	1	1	1	1	1	1	1	1	1	1	1	1	1	1	0	1	1	1	1	1	1	1	1	1	1	1	1	1	1	1	1	1	1	1	1	1	1	1	1	1	1	1	1	1	1	1	1	1	1	1	1	1	1	1	1	1	1	1	1	1	1	1	1	1
197	.034511	1	1	1	1	1	1	1	1	1	1	1	1	1	1	1	1	1	1	1	1	1	1	1	1	1	1	1	1	1	1	1	1	1	1	1	1	1	1	1	1	1	1	1	1	1	1	1	1	1	0	0	1	1	1	1	1	1	1	1	1	1	1	1	1	1	1	1	1	1	1	1	1	1	1	1	1	1	1	1	1	1	1	1	1	1	1	1	1	1	1	1	1	1	1	1	1	1	1	1
198	23.08893	1	1	1	1	1	1	1	1	1	1	1	1	1	1	1	1	1	1	1	1	1	1	1	1	1	1	1	1	1	1	1	1	1	1	1	1	1	1	1	1	1	1	1	1	1	1	1	1	1	1	0	1	1	1	1	1	1	1	1	1	1	1	1	1	1	1	1	1	1	1	1	1	1	1	1	1	1	1	1	1	1	1	1	1	1	1	1	1	1	1	1	1	1	1	1	1	1	1	1
199	.574102	1	1	1	1	1	1	1	1	1	1	1	1	1	1	1	1	1	1	1	1	1	1	1	1	1	1	1	1	0	1	1	1	1	1	1	1	1	1	1	1	1	1	1	1	1	1	1	1	1	1	0	1	1	1	1	1	1	1	1	1	1	1	1	1	1	1	1	1	1	1	1	1	1	1	1	1	1	1	1	1	1	1	1	1	1	1	1	1	1	1	1	1	1	1	1	1	1	1	1
200	13.314347	1	1	1	1	1	1	1	1	1	1	1	1	1	1	1	1	1	1	1	1	1	1	1	1	1	1	1	1	0	1	1	1	1	1	1	1	1	1	1	1	1	1	1	1	1	1	1	1	1	1	1	1	1	1	1	1	1	1	1	1	1	1	1	1	1	1	1	1	1	1	1	1	1	1	1	1	1	1	1	1	1	1	1	1	1	1	1	1	1	1	1	1	1	1	1	1	1	1	1
201	7.978944	1	1	1	1	1	1	1	1	1	1	1	1	1	1	1	1	1	1	1	1	1	1	1	1	1	1	1	1	0	1	1	1	1	1	1	1	1	1	1	1	1	1	1	1	1	1	1	1	1	1	1	1	1	1	1	1	1	1	1	1	1	1	1	1	1	1	0	1	1	1	1	1	1	1	1	1	1	1	1	1	1	1	1	1	1	1	1	1	1	1	1	1	1	1	1	1	1	1	1
202	12.610028	1	1	1	1	1	1	1	1	1	1	1	1	1	1	1	1	1	1	1	1	1	1	1	1	1	1	1	1	1	1	1	1	1	1	1	1	1	1	1	1	1	1	1	1	1	1	1	1	1	1	1	1	1	1	1	1	1	1	1	1	1	1	1	1	1	1	0	1	1	1	1	1	1	1	1	1	1	1	1	1	1	1	1	1	1	1	1	1	1	1	1	1	1	1	1	1	1	1	1
203	24.977835	1	1	1	1	1	1	1	1	1	1	1	1	1	1	1	1	1	1	1	1	1	1	1	1	1	1	1	1	1	1	1	1	1	1	1	1	1	1	1	1	1	1	1	1	1	1	1	1	1	1	1	1	1	0	1	1	1	1	1	1	1	1	1	1	1	1	1	1	1	1	1	1	1	1	1	1	1	1	1	1	1	1	1	1	1	1	1	1	1	1	1	1	1	1	1	1	1	1	1
204	.927356	1	1	1	1	1	1	1	1	1	1	1	1	1	1	1	1	1	1	1	1	1	1	1	1	1	1	1	1	1	1	1	0	1	1	1	1	1	1	1	1	1	1	1	1	1	1	1	1	1	1	1	1	1	0	1	1	1	1	1	1	1	1	1	1	1	1	1	0	1	1	1	1	1	1	1	1	1	1	1	1	1	1	1	1	1	1	1	1	1	1	1	1	1	1	1	1	1	1	1
205	15.201272	1	1	1	1	1	1	1	1	1	1	1	1	1	1	1	1	1	1	1	1	1	1	1	1	1	1	1	1	1	1	1	0	1	1	1	1	1	1	1	1	1	1	1	1	1	1	1	1	1	1	1	1	1	1	1	1	1	1	1	1	1	1	1	1	1	1	1	1	1	1	1	1	1	1	1	1	1	1	1	1	1	1	1	1	1	1	1	1	1	1	1	1	1	1	1	1	1	1	1
206	9.956455	1	1	1	1	1	1	1	1	1	1	1	1	1	1	1	1	1	1	1	1	1	1	1	1	1	1	1	1	1	1	1	0	1	1	1	1	1	1	1	1	1	1	1	1	1	1	1	1	1	1	1	1	1	1	1	1	1	1	1	1	1	1	1	1	1	1	1	0	1	1	1	1	1	1	1	1	1	1	1	1	1	1	1	1	1	1	1	1	1	1	1	1	1	1	1	1	1	1	1
207	.236349	1	1	1	1	1	1	1	1	1	1	1	1	1	1	1	0	1	1	1	1	1	1	1	1	1	1	1	1	1	1	1	0	1	1	1	1	1	1	1	1	1	1	1	1	1	1	1	1	1	1	1	1	1	1	1	1	1	1	1	1	1	1	1	1	1	1	1	0	1	1	1	1	1	1	1	1	1	1	1	1	1	1	1	1	1	1	1	1	1	1	1	1	1	1	1	1	1	1	1
208	21.565147	1	1	1	1	1	1	1	1	1	1	1	1	1	1	1	1	1	1	1	1	1	1	1	1	1	1	1	1	1	1	1	1	1	1	1	1	1	1	1	1	1	1	1	1	1	1	1	1	1	1	1	1	1	1	1	1	1	1	1	1	1	1	1	1	1	1	1	0	1	1	1	1	1	1	1	1	1	1	1	1	1	1	1	1	1	1	1	1	1	1	1	1	1	1	1	1	1	1	1
209	1.43104	1	1	1	1	1	1	1	1	1	1	1	1	1	1	1	0	1	1	1	1	1	1	1	1	1	1	1	1	1	1	1	1	1	1	1	1	1	1	1	1	1	1	1	1	1	1	1	1	1	1	1	1	1	1	1	1	1	1	1	1	1	1	1	1	1	1	1	0	1	1	1	1	1	1	1	1	1	1	1	1	1	1	1	1	1	1	1	1	1	1	1	1	1	1	1	1	1	1	1
210	26.158829	1	1	1	1	1	1	1	1	1	1	1	1	1	1	1	0	1	1	1	1	1	1	1	1	1	1	1	1	1	1	1	1	1	1	1	1	1	1	1	1	1	1	1	1	1	1	1	1	1	1	1	1	1	1	1	1	1	1	1	1	1	1	1	1	1	1	1	1	1	1	1	1	1	1	1	1	1	1	1	1	1	1	1	1	1	1	1	1	1	1	1	1	1	1	1	1	1	1	1
211	28.029451	1	1	1	1	1	1	1	1	1	1	1	1	1	1	1	1	1	1	1	1	1	1	1	1	1	1	1	1	1	1	1	1	1	1	1	1	1	1	1	1	1	1	1	1	1	1	1	1	1	1	1	1	1	1	1	1	1	1	1	1	1	1	1	1	1	0	1	1	1	1	1	1	1	1	1	1	1	1	1	1	1	1	1	1	1	1	1	1	1	1	1	1	1	1	1	1	1	1	1
212	28.437172	1	1	1	1	1	1	1	1	1	1	1	1	1	1	1	1	1	1	1	1	1	1	1	1	1	1	1	1	1	1	1	1	1	1	1	1	1	1	1	1	1	1	1	1	1	1	1	1	1	1	1	1	1	1	1	1	1	1	1	1	1	1	1	1	1	1	1	1	1	1	1	1	1	1	1	1	1	1	1	1	1	1	1	0	1	1	1	1	1	1	1	1	1	1	1	1	1	1	1
213	8.620153	1	1	1	1	1	1	1	1	1	1	1	1	1	1	1	1	1	1	1	1	1	1	1	1	1	1	1	1	1	1	1	1	1	1	1	1	1	1	1	1	1	1	1	1	1	1	1	1	1	1	1	1	1	1	1	1	1	1	1	1	1	1	1	1	1	1	1	1	1	1	1	1	1	1	1	1	1	1	1	1	1	1	1	0	1	1	1	1	1	1	1	1	1	1	1	1	0	1	1
214	19.369236	1	1	1	1	1	1	1	1	1	1	1	1	1	1	1	1	1	1	1	1	1	1	1	1	1	1	1	1	1	1	1	1	1	1	1	1	1	1	1	1	1	1	1	1	1	1	1	1	1	1	1	1	1	1	1	1	1	1	1	1	1	1	1	1	1	1	1	1	1	1	1	1	1	1	1	1	1	1	1	1	1	1	1	1	1	1	1	1	1	1	1	1	1	1	1	1	0	1	1
215	34.532276	1	1	1	1	1	1	1	1	1	1	1	1	1	1	1	1	1	1	1	1	1	1	1	1	1	1	1	1	1	1	1	1	1	1	1	1	1	1	1	1	1	1	1	1	1	1	1	1	1	1	1	1	1	1	1	1	1	1	1	1	1	1	1	1	1	1	1	1	1	1	1	1	1	1	1	1	1	0	1	1	1	1	1	1	1	1	1	1	1	1	1	1	1	1	1	1	1	1	1
216	1.514457	1	1	1	1	1	1	1	1	1	1	1	1	1	1	1	1	1	1	1	1	1	1	1	1	1	1	1	1	1	1	1	1	1	1	1	1	1	1	1	1	1	1	1	1	1	1	1	1	1	1	1	1	1	1	1	1	1	1	1	1	1	1	1	0	1	1	1	1	1	1	1	1	1	1	1	1	1	0	1	1	1	1	1	1	1	1	1	1	1	1	1	1	1	1	1	1	1	1	1
217	16.229357	1	1	1	1	1	1	1	1	1	1	1	1	1	1	1	1	1	1	1	1	1	1	1	1	1	1	1	1	1	1	1	1	1	1	1	1	1	1	1	1	1	1	1	1	1	1	1	1	1	1	1	1	1	1	1	1	1	1	1	1	1	1	1	0	1	1	1	1	1	1	1	1	1	1	1	1	1	1	1	1	1	1	1	1	1	1	1	1	1	1	1	1	1	1	1	1	1	1	1
218	12.442397	1	1	1	1	1	1	1	1	1	1	1	1	1	1	1	1	1	1	1	1	1	1	1	1	1	1	1	0	1	1	1	1	1	1	1	1	1	1	1	1	1	1	1	1	1	1	1	1	1	1	1	1	1	1	1	1	1	1	1	1	1	1	1	0	1	1	1	1	1	1	1	1	1	1	1	1	1	1	1	1	1	1	1	1	1	1	1	1	1	1	1	1	1	1	1	1	1	1	1
219	13.986642	1	1	1	1	1	1	1	1	1	1	1	1	1	1	1	1	1	1	1	1	1	1	1	1	1	1	1	0	1	1	1	1	1	1	1	1	1	1	1	1	1	1	1	1	1	1	1	1	1	1	1	1	1	1	1	1	1	1	1	1	1	1	1	1	1	1	1	1	1	1	1	1	1	1	1	1	1	1	1	1	1	1	1	1	1	1	1	1	1	1	1	1	1	1	1	1	1	1	1
220	.087341	1	0	1	0	0	1	0	1	1	1	0	1	1	1	0	1	0	0	0	0	1	1	0	1	1	0	0	0	1	0	1	1	0	0	1	1	0	1	0	1	0	0	1	1	0	1	0	0	1	1	1	0	1	1	0	1	1	1	0	0	1	1	0	1	1	1	1	1	1	0	0	0	1	0	0	0	0	1	1	0	1	1	1	1	0	1	0	1	0	1	1	1	0	1	1	0	1	1	1
221	.208826	1	0	1	0	0	1	0	1	1	1	0	1	1	1	0	1	0	0	0	0	1	1	0	1	0	0	0	0	1	0	1	1	0	0	1	1	0	0	0	1	0	0	1	1	0	1	0	0	1	1	1	0	1	1	0	0	1	1	0	0	1	1	0	1	1	1	1	1	1	0	0	0	1	0	0	0	0	1	1	0	1	1	1	1	0	1	0	1	0	1	1	1	0	1	1	0	1	1	1
222	24.853577	1	1	1	1	1	1	1	1	1	1	1	1	1	1	1	1	1	1	1	1	1	1	1	1	1	1	1	1	1	1	1	1	1	1	1	1	1	1	1	1	1	1	1	1	1	1	1	1	1	1	1	1	1	1	1	1	1	1	1	1	1	1	1	1	1	1	1	1	1	1	1	1	1	1	1	1	1	1	1	1	1	1	1	1	1	1	1	1	0	1	1	1	1	1	1	1	1	1	1
223	1.692226	1	0	1	0	0	1	0	1	1	1	0	1	1	1	0	1	0	0	0	0	1	1	1	1	1	0	0	1	1	0	1	1	0	0	1	1	0	1	0	1	0	0	1	1	0	1	0	0	1	1	1	0	1	1	0	1	1	1	0	1	1	1	0	1	1	1	1	1	1	0	0	0	1	0	0	0	0	1	1	0	1	1	1	1	0	1	0	1	0	1	1	1	0	1	1	0	1	1	1
224	20.556145	1	1	1	1	1	1	1	1	1	1	1	1	1	1	1	1	1	1	1	1	1	1	1	1	1	1	1	1	1	1	1	1	1	1	1	1	1	1	1	1	1	1	1	1	1	1	1	1	1	1	1	1	1	1	1	1	1	1	1	1	1	1	1	1	1	1	1	1	1	1	1	1	1	1	1	1	1	1	1	1	1	1	1	1	1	1	0	1	1	1	1	1	1	1	1	1	1	1	1
225	7.079859	1	1	1	1	1	1	1	1	1	1	1	1	1	1	1	1	1	1	1	1	1	1	1	1	1	0	1	1	1	1	1	1	1	1	1	1	1	1	1	1	1	1	1	1	1	1	1	1	1	1	1	1	1	1	1	1	1	1	1	1	1	1	1	1	1	1	1	1	1	1	1	1	1	1	1	1	1	1	1	1	1	1	1	1	1	1	0	1	1	1	1	1	1	1	1	1	1	1	1
226	3.40536	1	0	1	0	0	1	0	1	1	1	0	1	1	1	0	1	0	0	0	0	1	1	0	1	0	0	0	1	1	0	1	1	0	0	1	1	0	0	0	1	0	0	1	1	0	1	0	0	1	1	1	0	1	1	0	0	1	1	0	0	1	1	0	1	1	1	1	1	1	0	0	0	0	0	0	0	0	1	1	0	0	1	1	1	0	1	0	1	1	1	1	1	0	1	1	0	1	1	1
227	21.226959	1	1	1	1	1	1	1	1	1	1	1	1	1	1	1	1	1	1	1	1	1	1	1	1	1	0	1	1	1	1	1	1	1	1	1	1	1	1	1	1	1	1	1	1	1	1	1	1	1	1	1	1	1	1	1	1	1	1	1	1	1	1	1	1	1	1	1	1	1	1	1	1	1	1	1	1	1	1	1	1	1	1	1	1	1	1	1	1	1	1	1	1	1	1	1	1	1	1	1
228	35.789265	1	1	1	1	1	1	1	1	1	1	1	1	1	1	1	1	1	1	1	1	1	1	1	1	1	1	1	1	1	1	1	1	1	1	1	1	0	1	1	1	1	1	1	1	1	1	1	1	1	1	1	1	1	1	1	1	1	1	1	1	1	1	1	1	1	1	1	1	1	1	1	1	1	1	1	1	1	1	1	1	1	1	1	1	1	1	1	1	1	1	1	1	1	1	1	1	1	1	1
229	38.66851	1	1	1	1	1	1	1	1	1	1	1	1	1	1	1	1	1	1	1	1	1	1	1	1	1	1	1	1	1	1	1	1	1	1	1	1	1	1	1	1	1	1	1	1	1	1	1	1	1	1	1	1	1	1	1	1	1	1	1	1	1	1	1	1	1	1	1	1	1	1	1	1	1	1	1	1	1	1	1	1	1	1	1	1	1	1	1	1	1	1	1	1	1	1	1	0	1	1	1
230	22.075237	1	1	1	1	1	1	1	1	1	1	1	1	1	1	1	1	1	1	1	1	1	1	1	1	1	1	1	1	1	1	1	1	1	1	1	1	1	1	1	1	1	1	1	1	1	1	1	1	1	1	1	1	1	1	1	1	1	1	1	1	1	1	1	1	1	1	1	1	1	1	1	1	1	0	1	1	1	1	1	1	1	1	1	1	1	1	1	1	1	1	1	1	1	1	1	1	1	1	1
231	24.659733	1	1	1	1	1	1	1	1	1	1	1	1	1	1	1	1	1	1	1	1	1	1	1	1	1	1	1	1	1	1	1	1	1	1	1	1	1	1	1	1	1	1	1	1	1	1	1	1	1	1	1	1	1	1	1	1	1	1	1	1	1	1	1	1	1	1	1	1	1	1	1	1	1	1	1	1	1	1	1	1	1	1	1	1	0	1	1	1	1	1	1	1	1	1	1	1	1	1	1
232	2.28519	1	0	1	0	0	1	0	1	1	1	1	1	1	1	0	1	0	0	0	0	1	1	1	1	1	1	0	1	1	0	1	1	0	0	1	1	1	1	0	1	0	0	1	1	0	1	0	0	1	1	1	0	1	1	0	1	1	1	0	1	1	1	0	1	1	1	1	1	1	0	1	0	1	1	0	0	0	1	1	1	1	1	1	1	0	1	1	1	1	1	1	1	0	1	1	1	1	1	1
233	.087063	1	0	1	0	0	1	0	1	1	1	0	1	1	1	0	1	0	0	0	0	1	1	1	1	1	1	0	1	1	0	1	1	0	0	1	1	1	1	0	1	0	0	1	1	0	1	0	0	1	1	1	0	1	1	0	1	1	1	0	1	1	1	0	1	1	1	1	1	1	0	1	0	1	1	0	0	0	1	1	0	1	1	1	1	0	1	1	1	1	1	1	1	0	1	1	1	1	1	1
234	.153414	1	0	1	0	0	1	0	1	1	1	0	1	1	1	0	1	0	0	0	0	1	1	1	1	1	1	0	1	1	0	1	1	0	0	1	1	1	1	0	1	0	0	1	1	0	1	0	0	1	1	1	0	1	1	0	1	1	1	0	0	1	1	0	1	1	1	1	1	1	0	0	0	1	1	0	0	0	1	1	0	1	1	1	1	0	1	1	1	1	1	1	1	0	1	1	1	1	1	1
235	4.292989	1	0	1	0	0	1	0	1	1	1	0	1	1	1	0	1	0	0	0	0	1	1	0	1	0	1	0	1	1	0	1	1	0	0	1	1	1	1	0	1	0	0	1	1	0	1	0	0	1	1	1	0	1	1	0	0	1	1	0	0	1	1	0	1	1	1	1	1	1	0	0	0	1	1	0	0	0	1	1	0	1	1	1	1	0	1	1	1	1	1	1	1	0	1	1	1	1	1	1
236	33.479553	1	1	1	1	1	1	1	1	1	1	1	1	1	1	1	1	1	1	1	1	1	1	1	1	1	1	1	1	1	1	1	1	1	1	1	1	1	1	1	1	1	1	1	1	1	1	1	0	1	1	1	1	1	1	1	1	1	1	1	1	1	1	1	1	1	1	1	1	1	1	1	1	1	1	1	1	1	1	1	1	1	1	1	1	1	1	1	1	1	1	1	1	1	1	1	1	1	1	1
237	.254491	1	0	1	0	0	1	0	1	1	1	1	1	1	1	0	1	0	0	0	0	1	1	1	1	1	1	0	1	1	0	1	1	0	0	1	1	1	1	0	1	0	0	1	1	0	1	0	0	1	1	1	0	1	1	0	1	1	1	0	1	1	1	0	1	1	1	1	1	1	0	1	0	1	1	0	0	0	1	1	1	1	1	1	1	1	1	1	1	1	1	1	1	0	1	1	1	1	1	1
238	1.867703	1	0	1	0	0	1	0	1	1	1	0	1	1	1	0	1	0	0	0	0	1	1	1	1	1	1	0	1	1	0	1	1	0	0	1	1	1	1	0	1	0	0	1	1	0	1	0	0	1	1	1	0	1	1	0	1	1	1	0	1	1	1	0	1	1	1	1	1	1	0	1	0	1	1	0	0	0	1	1	0	1	1	1	1	1	1	1	1	1	1	1	1	0	1	1	1	1	1	1
239	.383977	1	0	1	0	0	1	0	1	1	1	0	1	1	1	0	1	0	0	0	0	1	1	1	1	1	1	0	1	1	0	1	1	0	0	1	1	1	1	0	1	0	0	1	1	0	1	0	0	1	1	1	0	1	1	0	1	1	1	0	1	1	1	0	1	1	1	1	1	1	0	0	0	1	1	0	0	0	1	1	0	1	1	1	1	1	1	1	1	1	1	1	1	0	1	1	1	1	1	1
240	2.882376	1	0	1	0	0	1	0	1	1	1	0	1	1	1	0	1	0	0	0	0	1	1	0	1	1	1	0	1	1	0	1	1	0	0	1	1	1	1	0	1	0	0	1	1	0	1	0	0	1	1	1	0	1	1	0	1	1	1	0	0	1	1	0	1	1	1	1	1	1	0	0	0	1	1	0	0	0	1	1	0	1	1	1	1	1	1	1	1	1	1	1	1	0	1	1	1	1	1	1
241	.455526	1	0	1	0	0	1	0	1	1	1	0	1	1	1	0	1	0	0	0	0	1	1	0	1	1	1	0	1	1	0	1	1	0	0	1	1	1	1	0	1	0	0	1	1	0	1	0	0	1	1	1	0	1	1	0	0	1	1	0	0	1	1	0	1	1	1	1	1	1	0	0	0	1	1	0	0	0	1	1	0	1	1	1	1	1	1	1	1	1	1	1	1	0	1	1	1	1	1	1
242	.003921	1	0	1	0	0	1	0	1	1	1	0	1	1	1	0	1	0	0	0	0	1	1	0	1	0	1	0	1	1	0	1	1	0	0	1	1	1	0	0	1	0	0	1	1	0	1	0	0	1	1	1	0	1	1	0	0	1	1	0	0	1	1	0	1	1	1	1	1	1	0	0	0	0	1	0	0	0	1	1	0	0	1	1	1	1	1	1	1	1	1	1	1	0	1	1	1	1	1	1
243	26.464636	1	1	1	1	1	1	1	1	1	1	1	1	1	1	1	1	1	1	1	1	1	1	1	1	1	1	1	1	1	1	1	1	1	1	1	1	1	1	1	1	1	1	1	1	1	1	1	1	1	1	1	1	1	1	1	1	1	1	1	1	1	1	1	1	1	1	1	1	1	1	1	1	1	1	1	1	0	1	1	1	1	1	1	1	1	1	1	1	1	1	1	1	1	1	1	1	1	1	1
244	.004484	1	0	1	0	0	1	0	1	1	1	0	1	1	1	0	1	0	0	0	0	1	1	0	1	0	1	0	1	1	0	1	1	0	0	1	1	1	1	0	1	0	0	1	1	0	1	0	1	1	1	1	0	1	1	0	0	1	1	0	0	1	1	0	1	1	1	1	1	1	0	0	0	1	1	0	0	0	1	1	0	1	1	1	1	1	1	1	1	1	1	1	1	0	1	1	1	1	1	1
245	.183032	1	0	1	0	0	1	0	1	1	1	0	1	1	1	0	1	0	0	0	0	1	1	0	1	0	1	0	1	1	0	1	1	0	0	1	1	1	0	0	1	0	0	1	1	0	1	0	1	1	1	1	0	1	1	0	0	1	1	0	0	1	1	0	1	1	1	1	1	1	0	0	0	1	1	0	0	0	1	1	0	1	1	1	1	1	1	1	1	1	1	1	1	0	1	1	1	1	1	1
246	.006784	1	0	1	0	0	1	0	1	1	1	0	1	1	1	0	1	0	0	0	0	1	1	0	1	0	1	0	1	1	0	1	1	0	0	1	1	1	0	0	1	0	0	1	1	0	1	0	1	1	1	1	0	1	1	0	0	1	1	0	0	1	1	0	1	1	1	1	1	1	0	0	0	0	1	0	0	0	1	1	0	0	1	1	1	1	1	1	1	1	1	1	1	0	1	1	1	1	1	1
247	23.243479	1	1	1	1	1	1	1	1	1	1	1	1	1	1	1	1	1	1	1	1	1	1	1	1	1	1	1	1	1	1	1	1	1	1	1	1	1	1	1	1	1	1	1	1	1	1	1	1	1	1	1	1	1	1	1	1	1	1	0	1	1	1	1	1	1	1	1	1	1	1	1	1	1	1	1	1	1	1	1	1	1	1	1	1	1	1	1	1	1	1	1	1	1	1	1	1	1	1	1
248	.473798	1	0	1	0	0	1	0	1	1	1	1	1	1	1	0	1	0	0	0	0	1	1	1	1	1	1	0	1	1	0	1	1	1	0	1	1	1	1	1	1	0	0	1	1	0	1	1	1	1	1	1	0	1	1	0	1	1	1	0	1	1	1	0	1	1	1	1	1	1	0	1	0	1	1	0	1	1	1	1	1	1	1	1	1	1	1	1	1	1	1	1	1	0	1	1	1	1	1	1
249	.004787	1	0	1	0	0	1	0	1	1	1	0	1	1	1	0	1	0	0	0	0	1	1	0	1	0	1	0	1	1	0	1	1	0	0	1	1	1	0	0	1	0	0	1	1	0	1	0	1	1	1	1	0	1	1	0	0	1	1	0	0	1	1	0	1	1	1	1	1	1	0	0	0	0	1	0	0	1	1	1	0	0	1	1	1	1	1	1	1	1	1	1	1	0	1	1	1	1	1	1
250	21.140295	1	1	1	1	1	1	1	1	1	1	1	1	1	1	1	1	1	1	1	1	1	1	1	1	1	1	1	1	1	1	1	1	1	1	1	1	1	1	1	1	1	1	1	1	1	1	1	1	1	1	1	0	1	1	1	1	1	1	1	1	1	1	1	1	1	1	1	1	1	1	1	1	1	1	1	1	1	1	1	1	1	1	1	1	1	1	1	1	1	1	1	1	1	1	1	1	1	1	1
251	.67772	1	1	1	1	1	1	1	1	1	1	1	1	1	1	1	1	1	1	1	1	1	1	1	1	1	1	1	1	1	0	1	1	1	1	1	1	1	1	1	1	1	1	1	1	1	1	1	1	1	1	1	0	1	1	1	1	1	1	1	1	1	1	1	1	1	1	1	1	1	1	1	1	1	1	1	1	1	1	1	1	1	1	1	1	1	1	1	1	1	1	1	1	1	1	1	1	1	1	1
252	.319331	1	0	1	0	0	1	0	1	1	1	1	1	1	1	0	1	0	0	0	0	1	1	1	1	1	1	0	1	1	0	1	1	1	0	1	1	1	1	0	1	0	0	1	1	0	1	0	1	1	1	1	0	1	1	0	1	1	1	1	1	1	1	0	1	1	1	1	1	1	0	1	0	1	1	0	0	1	1	1	1	1	1	1	1	1	1	1	1	1	1	1	1	0	1	1	1	1	1	1
253	13.223819	1	1	1	1	1	1	1	1	1	1	1	1	1	1	1	1	1	1	1	1	1	1	1	1	1	1	1	1	1	0	1	1	1	1	1	1	1	1	1	1	1	1	1	1	1	1	1	1	1	1	1	1	1	1	1	1	1	1	1	1	1	1	1	1	1	1	1	1	1	1	1	1	1	1	1	1	1	1	1	1	1	1	1	1	1	1	1	1	1	1	1	1	1	1	1	1	1	1	1
254	8.694356	1	1	1	1	1	1	1	1	1	1	1	1	1	1	1	1	1	1	1	1	1	1	1	1	1	1	1	1	1	0	1	1	1	1	1	1	1	1	1	1	1	1	1	1	1	1	1	1	1	1	1	1	1	1	0	1	1	1	1	1	1	1	1	1	1	1	1	1	1	1	1	1	1	1	1	1	1	1	1	1	1	1	1	1	1	1	1	1	1	1	1	1	1	1	1	1	1	1	1
255	.00515	1	0	1	0	0	1	0	1	1	1	1	1	1	1	0	1	0	0	0	0	1	1	1	1	1	1	0	1	1	0	1	1	1	0	1	1	1	1	1	1	0	0	1	1	0	1	1	1	1	1	1	1	1	1	0	1	1	1	1	1	1	1	0	1	1	1	1	1	1	0	1	0	1	1	0	1	1	1	1	1	1	1	1	1	1	1	1	1	1	1	1	1	0	1	1	1	1	1	1
256	1.972739	1	0	1	0	0	1	0	1	1	1	1	1	1	1	0	1	0	0	0	0	1	1	1	1	1	1	0	1	1	0	1	1	0	0	1	1	1	1	0	1	0	0	1	1	0	1	0	1	1	1	1	1	1	1	0	1	1	1	1	1	1	1	0	1	1	1	1	1	1	0	1	0	1	1	0	0	1	1	1	1	1	1	1	1	1	1	1	1	1	1	1	1	0	1	1	1	1	1	1
257	.663975	1	0	1	0	0	1	0	1	1	1	0	1	1	1	0	1	0	0	0	0	1	1	0	1	1	1	0	1	1	0	1	1	0	0	1	1	1	1	0	1	0	0	1	1	0	1	0	1	1	1	1	1	1	1	0	0	1	1	1	0	1	1	0	1	1	1	1	1	1	0	0	0	1	1	0	0	1	1	1	0	1	1	1	1	1	1	1	1	1	1	1	1	0	1	1	1	1	1	1
258	.004857	1	0	1	0	0	1	0	1	1	1	0	1	1	1	0	1	0	0	0	0	1	1	0	1	0	1	0	1	1	0	1	1	0	0	1	1	1	1	0	1	0	0	1	1	0	1	0	1	1	1	1	1	1	1	0	0	1	1	1	0	1	1	0	1	1	1	1	1	1	0	0	0	1	1	0	0	1	1	1	0	1	1	1	1	1	1	1	1	1	1	1	1	0	1	1	1	1	1	1
259	.005412	1	0	1	0	0	1	0	1	1	1	0	1	1	1	0	1	0	0	0	0	1	1	0	1	0	1	0	1	1	0	1	1	0	0	1	1	1	0	0	1	0	0	1	1	0	1	0	1	1	1	1	1	1	1	0	0	1	1	1	0	1	1	0	1	1	1	1	1	1	0	0	0	0	1	0	0	1	1	1	0	0	1	1	1	1	1	1	1	1	1	1	1	0	1	1	1	1	1	1
260	20.743114	1	1	1	1	1	1	1	1	1	1	1	1	1	1	1	1	1	1	1	1	1	1	1	1	1	1	1	1	1	1	1	1	1	1	1	1	1	1	1	1	1	1	1	1	1	1	1	1	1	1	1	1	1	1	0	1	1	1	1	1	1	1	1	1	1	1	1	1	1	1	1	1	1	1	1	1	1	1	1	1	1	1	1	1	1	1	1	1	1	1	1	1	1	1	1	1	1	1	1
261	20.248392	1	1	1	1	1	1	1	1	1	1	1	1	1	1	1	1	1	1	1	1	1	1	1	1	1	1	1	1	1	1	1	1	1	1	1	1	1	1	1	1	1	1	1	1	1	1	1	1	1	1	1	1	1	1	1	1	1	1	1	1	1	1	1	1	1	1	1	1	1	1	1	1	1	1	1	1	1	1	1	1	1	1	1	1	1	1	1	1	1	1	1	1	0	1	1	1	1	1	1
262	30.509624	1	1	1	1	1	1	1	1	1	1	1	1	1	1	1	1	1	1	1	1	1	1	1	1	1	1	1	1	1	1	1	1	1	0	1	1	1	1	1	1	1	1	1	1	1	1	1	1	1	1	1	1	1	1	1	1	1	1	1	1	1	1	1	1	1	1	1	1	1	1	1	1	1	1	1	1	1	1	1	1	1	1	1	1	1	1	1	1	1	1	1	1	1	1	1	1	1	1	1
263	.005173	1	0	1	0	0	1	0	1	1	1	0	1	1	1	0	1	0	0	0	0	1	1	1	1	1	1	0	1	1	1	1	1	0	0	1	1	1	1	0	1	0	0	1	1	0	1	0	1	1	1	1	1	1	1	1	1	1	1	1	1	1	1	0	1	1	1	1	1	1	0	0	0	1	1	0	0	1	1	1	0	1	1	1	1	1	1	1	1	1	1	1	1	1	1	1	1	1	1	1
264	.00454	1	0	1	0	0	1	0	1	1	1	0	1	1	1	0	1	0	0	0	0	1	1	1	1	1	1	0	1	1	1	1	1	0	0	1	1	1	1	0	1	0	0	1	1	0	1	0	1	1	1	1	1	1	1	1	1	1	1	1	0	1	1	0	1	1	1	1	1	1	0	0	0	1	1	0	0	1	1	1	0	1	1	1	1	1	1	1	1	1	1	1	1	1	1	1	1	1	1	1
265	.005291	1	0	1	0	0	1	0	1	1	1	0	1	1	1	0	1	0	0	0	0	1	1	0	1	1	1	0	1	1	1	1	1	0	0	1	1	1	1	0	1	0	0	1	1	0	1	0	1	1	1	1	1	1	1	1	1	1	1	1	0	1	1	0	1	1	1	1	1	1	0	0	0	1	1	0	0	1	1	1	0	1	1	1	1	1	1	1	1	1	1	1	1	1	1	1	1	1	1	1
266	.008314	1	0	1	0	0	1	0	1	1	1	0	1	1	1	0	1	0	0	0	0	1	1	0	1	1	1	0	1	1	1	1	1	0	0	1	1	1	1	0	1	0	0	1	1	0	1	0	1	1	1	1	1	1	1	1	0	1	1	1	0	1	1	0	1	1	1	1	1	1	0	0	0	1	1	0	0	1	1	1	0	1	1	1	1	1	1	1	1	1	1	1	1	1	1	1	1	1	1	1
267	.010098	1	0	1	0	0	1	0	1	1	1	0	1	1	1	0	1	0	0	0	0	1	1	0	1	0	1	0	1	1	1	1	1	0	0	1	1	1	1	0	1	0	0	1	1	0	1	0	1	1	1	1	1	1	1	1	0	1	1	1	0	1	1	0	1	1	1	1	1	1	0	0	0	1	1	0	0	1	1	1	0	1	1	1	1	1	1	1	1	1	1	1	1	1	1	1	1	1	1	1
268	.415557	1	0	1	0	0	1	0	1	1	1	0	1	1	1	0	1	0	0	0	0	1	1	0	1	0	1	0	1	1	1	1	1	0	0	1	1	1	0	0	1	0	0	1	1	0	1	0	1	1	1	1	1	1	1	1	0	1	1	1	0	1	1	0	1	1	1	1	1	1	0	0	0	1	1	0	0	1	1	1	0	1	1	1	1	1	1	1	1	1	1	1	1	1	1	1	1	1	1	1
269	.007163	1	0	1	0	0	1	0	1	1	1	0	1	1	1	0	1	0	0	0	0	1	1	0	1	0	1	0	1	1	1	1	1	0	0	1	1	1	0	0	1	0	0	1	1	0	1	0	1	1	1	1	1	1	1	1	0	1	1	1	0	1	1	0	1	1	1	1	1	1	0	0	0	0	1	0	0	1	1	1	0	0	1	1	1	1	1	1	1	1	1	1	1	1	1	1	1	1	1	1
270	32.742764	1	1	1	1	0	1	1	1	1	1	1	1	1	1	1	1	1	1	1	1	1	1	1	1	1	1	1	1	1	1	1	1	1	1	1	1	1	1	1	1	1	1	1	1	1	1	1	1	1	1	1	1	1	1	1	1	1	1	1	1	1	1	1	1	1	1	1	1	1	1	1	1	1	1	1	1	1	1	1	1	1	1	1	1	1	1	1	1	1	1	1	1	1	1	1	1	1	1	1
271	.796552	1	0	1	0	0	1	0	1	1	1	1	1	1	1	0	1	0	1	0	1	1	1	1	1	1	1	0	1	1	1	1	1	1	1	1	1	1	1	1	1	0	0	1	1	0	1	1	1	1	1	1	1	1	1	1	1	1	1	1	1	1	1	0	1	1	1	1	1	1	1	1	0	1	1	0	1	1	1	1	1	1	1	1	1	1	1	1	1	1	1	1	1	1	1	1	1	1	1	1
272	.00776	1	0	1	0	0	1	0	1	1	1	1	1	1	1	0	1	0	0	0	1	1	1	1	1	1	1	0	1	1	1	1	1	1	1	1	1	1	1	1	1	0	0	1	1	0	1	1	1	1	1	1	1	1	1	1	1	1	1	1	1	1	1	0	1	1	1	1	1	1	1	1	0	1	1	0	1	1	1	1	1	1	1	1	1	1	1	1	1	1	1	1	1	1	1	1	1	1	1	1
273	.009845	1	0	1	0	0	1	0	1	1	1	1	1	1	1	0	1	0	0	0	0	1	1	1	1	1	1	0	1	1	1	1	1	1	1	1	1	1	1	1	1	0	0	1	1	0	1	1	1	1	1	1	1	1	1	1	1	1	1	1	1	1	1	0	1	1	1	1	1	1	1	1	0	1	1	0	1	1	1	1	1	1	1	1	1	1	1	1	1	1	1	1	1	1	1	1	1	1	1	1
274	.009924	1	0	1	0	0	1	0	1	1	1	1	1	1	1	0	1	0	0	0	0	1	1	1	1	1	1	0	1	1	1	1	1	1	1	1	1	1	1	1	1	0	0	1	1	0	1	1	1	1	1	1	1	1	1	1	1	1	1	1	1	1	1	0	1	1	1	1	1	1	0	1	0	1	1	0	1	1	1	1	1	1	1	1	1	1	1	1	1	1	1	1	1	1	1	1	1	1	1	1
275	.005501	1	0	1	0	0	1	0	1	1	1	1	1	1	1	0	1	0	0	0	0	1	1	1	1	1	1	0	1	1	1	1	1	1	1	1	1	1	1	1	1	0	0	1	1	0	1	0	1	1	1	1	1	1	1	1	1	1	1	1	1	1	1	0	1	1	1	1	1	1	0	1	0	1	1	0	1	1	1	1	1	1	1	1	1	1	1	1	1	1	1	1	1	1	1	1	1	1	1	1
276	3.346756	1	0	1	0	0	1	0	1	1	1	1	1	1	1	0	1	0	0	0	0	1	1	1	1	1	1	0	1	1	1	1	1	1	1	1	1	1	1	0	1	0	0	1	1	0	1	0	1	1	1	1	1	1	1	1	1	1	1	1	1	1	1	0	1	1	1	1	1	1	0	1	0	1	1	0	0	1	1	1	1	1	1	1	1	1	1	1	1	1	1	1	1	1	1	1	1	1	1	1
277	.00384	1	0	1	0	0	1	0	1	1	1	0	1	1	1	0	1	0	0	0	0	1	1	0	1	1	1	0	1	1	1	1	1	0	1	1	1	1	1	0	1	0	0	1	1	0	1	0	1	1	1	1	1	1	1	1	1	1	1	1	0	1	1	0	1	1	1	1	1	1	0	0	0	1	1	0	0	1	1	1	0	1	1	1	1	1	1	1	1	1	1	1	1	1	1	1	1	1	1	1
278	.007028	1	0	1	0	0	1	0	1	1	1	0	1	1	1	0	1	0	0	0	0	1	1	0	1	1	1	0	1	1	1	1	1	0	1	1	1	1	1	0	1	0	0	1	1	0	1	0	1	1	1	1	1	1	1	1	0	1	1	1	0	1	1	0	1	1	1	1	1	1	0	0	0	1	1	0	0	1	1	1	0	1	1	1	1	1	1	1	1	1	1	1	1	1	1	1	1	1	1	1
279	.008001	1	0	1	0	0	1	0	1	1	1	0	1	1	1	0	1	0	0	0	0	1	1	0	1	0	1	0	1	1	1	1	1	0	1	1	1	1	1	0	1	0	0	1	1	0	1	0	1	1	1	1	1	1	1	1	0	1	1	1	0	1	1	0	1	1	1	1	1	1	0	0	0	1	1	0	0	1	1	1	0	1	1	1	1	1	1	1	1	1	1	1	1	1	1	1	1	1	1	1
280	.005619	1	0	1	0	0	1	0	1	1	1	0	1	1	1	0	1	0	0	0	0	1	1	0	1	0	1	0	1	1	1	1	1	0	1	1	1	1	0	0	1	0	0	1	1	0	1	0	1	1	1	1	1	1	1	1	0	1	1	1	0	1	1	0	1	1	1	1	1	1	0	0	0	1	1	0	0	1	1	1	0	1	1	1	1	1	1	1	1	1	1	1	1	1	1	1	1	1	1	1
281	.006296	1	0	1	0	0	1	0	1	1	1	0	1	1	1	0	1	0	0	0	0	1	1	0	1	0	1	0	1	1	1	1	1	0	1	1	1	1	0	0	1	0	0	1	1	0	1	0	1	1	1	1	1	1	1	1	0	1	1	1	0	1	1	0	1	1	1	1	1	1	0	0	0	0	1	0	0	1	1	1	0	0	1	1	1	1	1	1	1	1	1	1	1	1	1	1	1	1	1	1
282	26.44735	1	0	1	1	1	1	1	1	1	1	1	1	1	1	1	1	1	1	1	1	1	1	1	1	1	1	1	1	1	1	1	1	1	1	1	1	1	1	1	1	1	1	1	1	1	1	1	1	1	1	1	1	1	1	1	1	1	1	1	1	1	1	1	1	1	1	1	1	1	1	1	1	1	1	1	1	1	1	1	1	1	1	1	1	1	1	1	1	1	1	1	1	1	1	1	1	1	1	1
283	.490027	1	0	1	1	1	1	1	1	1	1	1	1	1	1	1	1	1	1	0	1	1	1	1	1	1	1	1	1	1	1	1	1	1	1	1	1	1	1	1	1	1	1	1	1	1	1	1	1	1	1	1	1	1	1	1	1	1	1	1	1	1	1	1	1	1	1	1	1	1	1	1	1	1	1	1	1	1	1	1	1	1	1	1	1	1	1	1	1	1	1	1	1	1	1	1	1	1	1	1
284	.006559	1	0	1	0	1	1	0	1	1	1	1	1	1	1	0	1	0	1	0	1	1	1	1	1	1	1	0	1	1	1	1	1	1	1	1	1	1	1	1	1	0	0	1	1	0	1	1	1	1	1	1	1	1	1	1	1	1	1	1	1	1	1	0	1	1	1	1	1	1	1	1	0	1	1	0	1	1	1	1	1	1	1	1	1	1	1	1	1	1	1	1	1	1	1	1	1	1	1	1
285	.981033	1	0	1	0	1	1	0	1	1	1	1	1	1	1	0	1	0	0	0	1	1	1	1	1	1	1	0	1	1	1	1	1	1	1	1	1	1	1	1	1	0	0	1	1	0	1	1	1	1	1	1	1	1	1	1	1	1	1	1	1	1	1	0	1	1	1	1	1	1	1	1	0	1	1	0	1	1	1	1	1	1	1	1	1	1	1	1	1	1	1	1	1	1	1	1	1	1	1	1
286	1.24415	1	0	1	0	1	1	0	1	1	1	1	1	1	1	0	1	0	0	0	0	1	1	1	1	1	1	0	1	1	1	1	1	1	1	1	1	1	1	1	1	0	0	1	1	0	1	1	1	1	1	1	1	1	1	1	1	1	1	1	1	1	1	0	1	1	1	1	1	1	1	1	0	1	1	0	1	1	1	1	1	1	1	1	1	1	1	1	1	1	1	1	1	1	1	1	1	1	1	1
287	.00842	1	0	1	0	1	1	0	1	1	1	1	1	1	1	0	1	0	0	0	0	1	1	1	1	1	1	0	1	1	1	1	1	1	1	1	1	1	1	1	1	0	0	1	1	0	1	1	1	1	1	1	1	1	1	1	1	1	1	1	1	1	1	0	1	1	1	1	1	1	0	1	0	1	1	0	1	1	1	1	1	1	1	1	1	1	1	1	1	1	1	1	1	1	1	1	1	1	1	1
288	1.995004	1	0	1	0	1	1	0	1	1	1	0	1	1	1	0	1	0	0	0	0	1	1	0	1	1	1	0	1	1	1	1	1	0	1	1	1	1	1	0	1	0	0	1	1	0	1	0	1	1	1	1	1	1	1	1	1	1	1	1	0	1	1	0	1	1	1	1	1	1	0	0	0	1	1	0	0	1	1	1	0	1	1	1	1	1	1	1	1	1	1	1	1	1	1	1	1	1	1	1
289	.007648	1	0	1	0	1	1	0	1	1	1	0	1	1	1	0	1	0	0	0	0	1	1	0	1	1	1	0	1	1	1	1	1	0	1	1	1	1	1	0	1	0	0	1	1	0	1	0	1	1	1	1	1	1	1	1	0	1	1	1	0	1	1	0	1	1	1	1	1	1	0	0	0	1	1	0	0	1	1	1	0	1	1	1	1	1	1	1	1	1	1	1	1	1	1	1	1	1	1	1
290	.008702	1	0	1	0	1	1	0	1	1	1	0	1	1	1	0	1	0	0	0	0	1	1	0	1	0	1	0	1	1	1	1	1	0	1	1	1	1	1	0	1	0	0	1	1	0	1	0	1	1	1	1	1	1	1	1	0	1	1	1	0	1	1	0	1	1	1	1	1	1	0	0	0	1	1	0	0	1	1	1	0	1	1	1	1	1	1	1	1	1	1	1	1	1	1	1	1	1	1	1
291	.007654	1	0	1	0	1	1	0	1	1	1	0	1	1	1	0	1	0	0	0	0	1	1	0	1	0	1	0	1	1	1	1	1	0	1	1	1	1	0	0	1	0	0	1	1	0	1	0	1	1	1	1	1	1	1	1	0	1	1	1	0	1	1	0	1	1	1	1	1	1	0	0	0	1	1	0	0	1	1	1	0	1	1	1	1	1	1	1	1	1	1	1	1	1	1	1	1	1	1	1
292	.007444	1	0	1	0	1	1	0	1	1	1	0	1	1	1	0	1	0	0	0	0	1	1	0	1	0	1	0	1	1	1	1	1	0	1	1	1	1	0	0	1	0	0	1	1	0	1	0	1	1	1	1	1	1	1	1	0	1	1	1	0	1	1	0	1	1	1	1	1	1	0	0	0	0	1	0	0	1	1	1	0	0	1	1	1	1	1	1	1	1	1	1	1	1	1	1	1	1	1	1
293	25.29241	1	1	1	1	1	1	1	1	1	1	1	1	1	1	1	1	1	1	0	1	1	1	1	1	1	1	1	1	1	1	1	1	1	1	1	1	1	1	1	1	1	1	1	1	1	1	1	1	1	1	1	1	1	1	1	1	1	1	1	1	1	1	1	1	1	1	1	1	1	1	1	1	1	1	1	1	1	1	1	1	1	1	1	1	1	1	1	1	1	1	1	1	1	1	1	1	1	1	1
294	.006489	1	1	1	0	1	1	0	1	1	1	1	1	1	1	0	1	0	1	0	1	1	1	1	1	1	1	0	1	1	1	1	1	1	1	1	1	1	1	1	1	0	0	1	1	0	1	1	1	1	1	1	1	1	1	1	1	1	1	1	1	1	1	0	1	1	1	1	1	1	1	1	0	1	1	0	1	1	1	1	1	1	1	1	1	1	1	1	1	1	1	1	1	1	1	1	1	1	1	1
295	.391661	1	1	1	0	1	1	0	1	1	1	1	1	1	1	0	1	0	0	0	1	1	1	1	1	1	1	0	1	1	1	1	1	1	1	1	1	1	1	1	1	0	0	1	1	0	1	1	1	1	1	1	1	1	1	1	1	1	1	1	1	1	1	0	1	1	1	1	1	1	1	1	0	1	1	0	1	1	1	1	1	1	1	1	1	1	1	1	1	1	1	1	1	1	1	1	1	1	1	1
296	.006647	1	1	1	0	1	1	0	1	1	1	1	1	1	1	0	1	0	0	0	0	1	1	1	1	1	1	0	1	1	1	1	1	1	1	1	1	1	1	1	1	0	0	1	1	0	1	1	1	1	1	1	1	1	1	1	1	1	1	1	1	1	1	0	1	1	1	1	1	1	1	1	0	1	1	0	1	1	1	1	1	1	1	1	1	1	1	1	1	1	1	1	1	1	1	1	1	1	1	1
297	.007107	1	1	1	0	1	1	0	1	1	1	1	1	1	1	0	1	0	0	0	0	1	1	1	1	1	1	0	1	1	1	1	1	1	1	1	1	1	1	1	1	0	0	1	1	0	1	1	1	1	1	1	1	1	1	1	1	1	1	1	1	1	1	0	1	1	1	1	1	1	0	1	0	1	1	0	1	1	1	1	1	1	1	1	1	1	1	1	1	1	1	1	1	1	1	1	1	1	1	1
298	.004402	1	1	1	0	1	1	0	1	1	1	0	1	1	1	0	1	0	0	0	0	1	1	1	1	1	1	0	1	1	1	1	1	0	1	1	1	1	1	0	1	0	0	1	1	0	1	0	1	1	1	1	1	1	1	1	1	1	1	1	0	1	1	0	1	1	1	1	1	1	0	0	0	1	1	0	0	1	1	1	0	1	1	1	1	1	1	1	1	1	1	1	1	1	1	1	1	1	1	1
299	.004986	1	1	1	0	1	1	0	1	1	1	0	1	1	1	0	1	0	0	0	0	1	1	0	1	1	1	0	1	1	1	1	1	0	1	1	1	1	1	0	1	0	0	1	1	0	1	0	1	1	1	1	1	1	1	1	1	1	1	1	0	1	1	0	1	1	1	1	1	1	0	0	0	1	1	0	0	1	1	1	0	1	1	1	1	1	1	1	1	1	1	1	1	1	1	1	1	1	1	1
300	.007739	1	1	1	0	1	1	0	1	1	1	0	1	1	1	0	1	0	0	0	0	1	1	0	1	1	1	0	1	1	1	1	1	0	1	1	1	1	1	0	1	0	0	1	1	0	1	0	1	1	1	1	1	1	1	1	0	1	1	1	0	1	1	0	1	1	1	1	1	1	0	0	0	1	1	0	0	1	1	1	0	1	1	1	1	1	1	1	1	1	1	1	1	1	1	1	1	1	1	1
301	.009067	1	1	1	0	1	1	0	1	1	1	0	1	1	1	0	1	0	0	0	0	1	1	0	1	0	1	0	1	1	1	1	1	0	1	1	1	1	1	0	1	0	0	1	1	0	1	0	1	1	1	1	1	1	1	1	0	1	1	1	0	1	1	0	1	1	1	1	1	1	0	0	0	1	1	0	0	1	1	1	0	1	1	1	1	1	1	1	1	1	1	1	1	1	1	1	1	1	1	1
302	.007516	1	1	1	0	1	1	0	1	1	1	0	1	1	1	0	1	0	0	0	0	1	1	0	1	0	1	0	1	1	1	1	1	0	1	1	1	1	0	0	1	0	0	1	1	0	1	0	1	1	1	1	1	1	1	1	0	1	1	1	0	1	1	0	1	1	1	1	1	1	0	0	0	1	1	0	0	1	1	1	0	1	1	1	1	1	1	1	1	1	1	1	1	1	1	1	1	1	1	1
303	.007759	1	1	1	0	1	1	0	1	1	1	0	1	1	1	0	1	0	0	0	0	1	1	0	1	0	1	0	1	1	1	1	1	0	1	1	1	1	0	0	1	0	0	1	1	0	1	0	1	1	1	1	1	1	1	1	0	1	1	1	0	1	1	0	1	1	1	1	1	1	0	0	0	0	1	0	0	1	1	1	0	0	1	1	1	1	1	1	1	1	1	1	1	1	1	1	1	1	1	1
304	21.742882	1	1	1	1	1	1	1	1	1	1	1	1	1	1	1	1	1	1	1	1	1	1	1	1	1	1	1	1	1	1	1	1	1	1	1	1	1	1	1	1	0	1	1	1	1	1	1	1	1	1	1	1	1	1	1	1	1	1	1	1	1	1	1	1	1	1	1	1	1	1	1	1	1	1	1	1	1	1	1	1	1	1	1	1	1	1	1	1	1	1	1	1	1	1	1	1	1	1	1
305	.004724	1	1	1	0	1	1	0	1	1	1	0	1	1	1	0	1	0	0	1	0	1	1	0	1	1	1	0	1	1	1	1	1	0	1	1	1	1	1	0	1	0	0	1	1	0	1	0	1	1	1	1	1	1	1	1	0	1	1	1	0	1	1	0	1	1	1	1	1	1	0	0	0	1	1	0	0	1	1	1	0	1	1	1	1	1	1	1	1	1	1	1	1	1	1	1	1	1	1	1
306	.00607	1	1	1	0	1	1	0	1	1	1	0	1	1	1	0	1	0	0	1	0	1	1	0	1	0	1	0	1	1	1	1	1	0	1	1	1	1	1	0	1	0	0	1	1	0	1	0	1	1	1	1	1	1	1	1	0	1	1	1	0	1	1	0	1	1	1	1	1	1	0	0	0	1	1	0	0	1	1	1	0	1	1	1	1	1	1	1	1	1	1	1	1	1	1	1	1	1	1	1
307	.0043	1	1	1	0	1	1	0	1	1	1	0	1	1	1	0	1	0	0	1	0	1	1	0	1	0	1	0	1	1	1	1	1	0	1	1	1	1	0	0	1	0	0	1	1	0	1	0	1	1	1	1	1	1	1	1	0	1	1	1	0	1	1	0	1	1	1	1	1	1	0	0	0	0	1	0	0	1	1	1	0	0	1	1	1	1	1	1	1	1	1	1	1	1	1	1	1	1	1	1
308	23.189562	1	1	1	1	1	1	1	1	1	1	1	1	1	1	1	1	0	1	1	1	1	1	1	1	1	1	1	1	1	1	1	1	1	1	1	1	1	1	1	1	1	1	1	1	1	1	1	1	1	1	1	1	1	1	1	1	1	1	1	1	1	1	1	1	1	1	1	1	1	1	1	1	1	1	1	1	1	1	1	1	1	1	1	1	1	1	1	1	1	1	1	1	1	1	1	1	1	1	1
309	1.429262	1	1	1	1	1	1	0	1	1	1	1	1	1	1	0	1	0	1	1	1	1	1	1	1	1	1	1	1	1	1	1	1	1	1	1	1	1	1	1	1	1	0	1	1	0	1	1	1	1	1	1	1	1	1	1	1	1	1	1	1	1	1	0	1	1	1	1	1	1	1	1	1	1	1	0	1	1	1	1	1	1	1	1	1	1	1	1	1	1	1	1	1	1	1	1	1	1	1	1
310	.613959	1	1	1	0	1	1	0	1	1	1	1	1	1	1	0	1	0	1	1	1	1	1	1	1	1	1	1	1	1	1	1	1	1	1	1	1	1	1	1	1	1	0	1	1	0	1	1	1	1	1	1	1	1	1	1	1	1	1	1	1	1	1	0	1	1	1	1	1	1	1	1	0	1	1	0	1	1	1	1	1	1	1	1	1	1	1	1	1	1	1	1	1	1	1	1	1	1	1	1
311	1.291121	1	1	1	0	1	1	0	1	1	1	1	1	1	1	0	1	0	0	1	1	1	1	1	1	1	1	0	1	1	1	1	1	1	1	1	1	1	1	1	1	1	0	1	1	0	1	1	1	1	1	1	1	1	1	1	1	1	1	1	1	1	1	0	1	1	1	1	1	1	1	1	0	1	1	0	1	1	1	1	1	1	1	1	1	1	1	1	1	1	1	1	1	1	1	1	1	1	1	1
312	3.287399	1	1	1	0	1	1	0	1	1	1	0	1	1	1	0	1	0	0	1	0	1	1	1	1	1	1	0	1	1	1	1	1	0	1	1	1	1	1	0	1	1	0	1	1	0	1	0	1	1	1	1	1	1	1	1	1	1	1	1	1	1	1	0	1	1	1	1	1	1	0	0	0	1	1	0	0	1	1	1	0	1	1	1	1	1	1	1	1	1	1	1	1	1	1	1	1	1	1	1
313	.005023	1	1	1	0	1	1	0	1	1	1	0	1	1	1	0	1	0	0	1	0	1	1	0	1	1	1	0	1	1	1	1	1	0	1	1	1	1	1	0	1	1	0	1	1	0	1	0	1	1	1	1	1	1	1	1	0	1	1	1	0	1	1	0	1	1	1	1	1	1	0	0	0	1	1	0	0	1	1	1	0	1	1	1	1	1	1	1	1	1	1	1	1	1	1	1	1	1	1	1
314	.005914	1	1	1	0	1	1	0	1	1	1	0	1	1	1	0	1	0	0	1	0	1	1	0	1	0	1	0	1	1	1	1	1	0	1	1	1	1	1	0	1	1	0	1	1	0	1	0	1	1	1	1	1	1	1	1	0	1	1	1	0	1	1	0	1	1	1	1	1	1	0	0	0	1	1	0	0	1	1	1	0	1	1	1	1	1	1	1	1	1	1	1	1	1	1	1	1	1	1	1
315	1.306596	1	1	1	0	1	1	0	1	1	1	0	1	1	1	0	1	0	0	1	0	1	1	0	1	0	1	0	1	1	1	1	1	0	1	1	1	1	0	0	1	1	0	1	1	0	1	0	1	1	1	1	1	1	1	1	0	1	1	1	0	1	1	0	1	1	1	1	1	1	0	0	0	0	1	0	0	1	1	1	0	0	1	1	1	1	1	1	1	1	1	1	1	1	1	1	1	1	1	1
316	24.15637	1	1	1	1	1	1	1	1	1	1	1	1	1	1	0	1	1	1	1	1	1	1	1	1	1	1	1	1	1	1	1	1	1	1	1	1	1	1	1	1	1	1	1	1	1	1	1	1	1	1	1	1	1	1	1	1	1	1	1	1	1	1	1	1	1	1	1	1	1	1	1	1	1	1	1	1	1	1	1	1	1	1	1	1	1	1	1	1	1	1	1	1	1	1	1	1	1	1	1
317	.348595	1	1	1	0	1	1	0	1	1	1	1	1	1	1	0	1	1	1	1	1	1	1	1	1	1	1	0	1	1	1	1	1	1	1	1	1	1	1	1	1	1	0	1	1	0	1	1	1	1	1	1	1	1	1	1	1	1	1	1	1	1	1	0	1	1	1	1	1	1	1	1	0	1	1	0	1	1	1	1	1	1	1	1	1	1	1	1	1	1	1	1	1	1	1	1	1	1	1	1
318	.594165	1	1	1	0	1	1	0	1	1	1	0	1	1	1	0	1	1	0	1	0	1	1	1	1	1	1	0	1	1	1	1	1	0	1	1	1	1	1	0	1	1	0	1	1	0	1	0	1	1	1	1	1	1	1	1	1	1	1	1	0	1	1	0	1	1	1	1	1	1	0	0	0	1	1	0	0	1	1	1	0	1	1	1	1	1	1	1	1	1	1	1	1	1	1	1	1	1	1	1
319	.004359	1	1	1	0	1	1	0	1	1	1	0	1	1	1	0	1	1	0	1	0	1	1	0	1	0	1	0	1	1	1	1	1	0	1	1	1	1	1	0	1	1	0	1	1	0	1	0	1	1	1	1	1	1	1	1	0	1	1	1	0	1	1	0	1	1	1	1	1	1	0	0	0	1	1	0	0	1	1	1	0	1	1	1	1	1	1	1	1	1	1	1	1	1	1	1	1	1	1	1
320	21.535454	1	1	1	1	1	1	1	1	1	1	1	1	1	1	1	1	1	1	1	1	1	1	1	1	1	1	1	1	1	1	1	1	1	1	1	1	1	1	1	1	1	1	1	1	0	1	1	1	1	1	1	1	1	1	1	1	1	1	1	1	1	1	1	1	1	1	1	1	1	1	1	1	1	1	1	1	1	1	1	1	1	1	1	1	1	1	1	1	1	1	1	1	1	1	1	1	1	1	1
321	1.794166	1	1	1	1	1	1	0	1	1	1	1	1	1	1	1	1	1	1	1	1	1	1	1	1	1	1	1	1	1	1	1	1	1	1	1	1	1	1	1	1	1	0	1	1	0	1	1	1	1	1	1	1	1	1	1	1	1	1	1	1	1	1	1	1	1	1	1	1	1	1	1	1	1	1	0	1	1	1	1	1	1	1	1	1	1	1	1	1	1	1	1	1	1	1	1	1	1	1	1
322	3.710663	1	1	1	0	1	1	0	1	1	1	1	1	1	1	1	1	1	0	1	0	1	1	1	1	1	1	0	1	1	1	1	1	1	1	1	1	1	1	1	1	1	0	1	1	0	1	1	1	1	1	1	1	1	1	1	1	1	1	1	1	1	1	0	1	1	1	1	1	1	0	1	0	1	1	0	1	1	1	1	1	1	1	1	1	1	1	1	1	1	1	1	1	1	1	1	1	1	1	1
323	.468352	1	1	1	0	1	1	0	1	1	1	0	1	1	1	1	1	1	0	1	0	1	1	1	1	1	1	0	1	1	1	1	1	0	1	1	1	1	1	0	1	1	0	1	1	0	1	0	1	1	1	1	1	1	1	1	1	1	1	1	1	1	1	0	1	1	1	1	1	1	0	1	0	1	1	0	0	1	1	1	0	1	1	1	1	1	1	1	1	1	1	1	1	1	1	1	1	1	1	1
324	25.665539	1	1	1	1	1	1	1	1	1	1	1	1	1	1	1	1	1	1	1	1	1	1	1	1	1	1	1	1	1	1	1	1	1	1	1	1	1	1	1	1	1	1	1	1	1	1	1	1	1	1	1	1	1	1	1	1	1	1	1	1	1	1	1	1	1	1	1	1	1	1	1	1	1	1	0	1	1	1	1	1	1	1	1	1	1	1	1	1	1	1	1	1	1	1	1	1	1	1	1
325	1.002998	1	1	1	1	1	1	0	1	1	1	1	1	1	1	1	1	1	1	1	1	1	1	1	1	1	1	1	1	1	1	1	1	1	1	1	1	1	1	1	1	1	0	1	1	1	1	1	1	1	1	1	1	1	1	1	1	1	1	1	1	1	1	0	1	1	1	1	1	1	1	1	1	1	1	0	1	1	1	1	1	1	1	1	1	1	1	1	1	1	1	1	1	1	1	1	1	1	1	1
326	2.350448	1	1	1	0	1	1	0	1	1	1	1	1	1	1	1	1	1	1	1	1	1	1	1	1	1	1	1	1	1	1	1	1	1	1	1	1	1	1	1	1	1	0	1	1	1	1	1	1	1	1	1	1	1	1	1	1	1	1	1	1	1	1	0	1	1	1	1	1	1	1	1	1	1	1	0	1	1	1	1	1	1	1	1	1	1	1	1	1	1	1	1	1	1	1	1	1	1	1	1
327	1.496513	1	1	1	0	1	1	0	1	1	1	1	1	1	1	1	1	1	0	1	1	1	1	1	1	1	1	0	1	1	1	1	1	1	1	1	1	1	1	1	1	1	0	1	1	1	1	1	1	1	1	1	1	1	1	1	1	1	1	1	1	1	1	0	1	1	1	1	1	1	1	1	0	1	1	0	1	1	1	1	1	1	1	1	1	1	1	1	1	1	1	1	1	1	1	1	1	1	1	1
328	.073305	1	1	1	0	1	1	0	1	1	1	0	1	1	1	1	1	1	0	1	0	1	1	1	1	1	1	0	1	1	1	1	1	0	1	1	1	1	1	0	1	1	0	1	1	1	1	0	1	1	1	1	1	1	1	1	1	1	1	1	0	1	1	0	1	1	1	1	1	1	0	0	0	1	1	0	0	1	1	1	0	1	1	1	1	1	1	1	1	1	1	1	1	1	1	1	1	1	1	1
329	21.330719	1	1	1	1	1	1	1	1	1	1	1	1	1	1	1	1	1	1	1	1	1	1	1	1	1	1	1	1	1	1	1	1	1	1	1	1	1	1	1	1	1	0	1	1	1	1	1	1	1	1	1	1	1	1	1	1	1	1	1	1	1	1	1	1	1	1	1	1	1	1	1	1	1	1	1	1	1	1	1	1	1	1	1	1	1	1	1	1	1	1	1	1	1	1	1	1	1	1	1
330	1.29713	1	1	1	1	1	1	0	1	1	1	1	1	1	1	1	1	1	1	1	1	1	1	1	1	1	1	1	1	1	1	1	1	1	1	1	1	1	1	1	1	1	0	1	1	1	1	1	1	1	1	1	1	1	1	1	1	1	1	1	1	1	1	1	1	1	1	1	1	1	1	1	1	1	1	1	1	1	1	1	1	1	1	1	1	1	1	1	1	1	1	1	1	1	1	1	1	1	1	1
331	1.798832	1	1	1	0	1	1	0	1	1	1	1	1	1	1	1	1	1	1	1	1	1	1	1	1	1	1	1	1	1	1	1	1	1	1	1	1	1	1	1	1	1	0	1	1	1	1	1	1	1	1	1	1	1	1	1	1	1	1	1	1	1	1	0	1	1	1	1	1	1	1	1	0	1	1	1	1	1	1	1	1	1	1	1	1	1	1	1	1	1	1	1	1	1	1	1	1	1	1	1
332	8.044923	1	1	1	1	1	1	0	1	1	1	1	1	1	1	1	1	1	1	1	1	1	1	1	1	1	1	1	1	1	1	1	1	1	1	1	1	1	1	1	1	1	1	1	1	1	1	1	1	1	1	1	1	1	1	1	1	1	1	1	1	1	1	1	1	1	1	1	1	1	1	1	1	1	1	1	1	1	1	1	1	1	1	1	1	1	1	1	1	1	1	1	1	1	1	1	1	1	1	1
333	3.359878	1	1	1	1	1	1	0	1	1	1	1	1	1	1	1	1	1	1	1	1	1	1	1	1	1	1	1	1	1	1	1	1	1	1	1	1	1	1	1	1	1	1	1	1	1	1	1	1	1	1	1	1	1	1	1	1	1	1	1	1	1	1	0	1	1	1	1	1	1	1	1	1	1	1	1	1	1	1	1	1	1	1	1	1	1	1	1	1	1	1	1	1	1	1	1	1	1	1	1
334	2.191694	1	1	1	0	1	1	0	1	1	1	1	1	1	1	1	1	1	0	1	0	1	1	1	1	1	1	0	1	1	1	1	1	1	1	1	1	1	1	1	1	1	1	1	1	1	1	1	1	1	1	1	1	1	1	1	1	1	1	1	1	1	1	0	1	1	1	1	1	1	1	1	0	1	1	1	1	1	1	1	1	1	1	1	1	1	1	1	1	1	1	1	1	1	1	1	1	1	1	1
335	13.530486	1	1	1	1	1	1	1	1	1	1	1	1	1	1	1	1	1	1	1	1	1	1	1	1	1	1	1	1	1	1	1	1	1	1	1	1	1	1	1	1	1	1	1	1	1	1	1	1	1	1	1	1	1	1	1	1	1	1	1	1	1	1	0	1	1	1	1	1	1	1	1	1	1	1	1	1	1	1	1	1	1	1	1	1	1	1	1	1	1	1	1	1	1	1	1	1	1	1	1
336	1.340013	1	1	1	0	1	1	1	1	1	1	1	1	1	1	1	1	1	1	1	1	1	1	1	1	1	1	1	1	1	1	1	1	1	1	1	1	1	1	1	1	1	1	1	1	1	1	1	1	1	1	1	1	1	1	1	1	1	1	1	1	1	1	0	1	1	1	1	1	1	1	1	1	1	1	1	1	1	1	1	1	1	1	1	1	1	1	1	1	1	1	1	1	1	1	1	1	1	1	1
337	17.480574	1	1	1	0	1	1	1	1	1	1	1	1	1	1	1	1	1	1	1	1	1	1	1	1	1	1	1	1	1	1	1	1	1	1	1	1	1	1	1	1	1	1	1	1	1	1	1	1	1	1	1	1	1	1	1	1	1	1	1	1	1	1	1	1	1	1	1	1	1	1	1	1	1	1	1	1	1	1	1	1	1	1	1	1	1	1	1	1	1	1	1	1	1	1	1	1	1	1	1
338	1.018229	1	1	1	0	1	1	1	1	1	1	1	1	1	1	1	1	1	1	1	1	1	1	1	1	1	1	1	1	1	1	1	1	1	1	1	1	1	1	1	1	1	1	1	1	1	1	1	1	1	1	1	1	1	1	1	1	1	1	1	1	1	1	1	1	1	1	1	1	1	1	1	0	1	1	1	1	1	1	1	1	1	1	1	1	1	1	1	1	1	1	1	1	1	1	1	1	1	1	1
339	21.113487	1	1	1	1	1	1	1	1	1	1	1	1	1	1	1	1	1	1	1	1	1	1	1	1	1	1	1	1	1	1	1	1	1	1	1	1	1	1	1	1	1	1	1	1	1	1	1	1	1	1	1	1	1	1	1	1	1	1	1	1	1	1	1	1	1	1	1	1	1	1	1	0	1	1	1	1	1	1	1	1	1	1	1	1	1	1	1	1	1	1	1	1	1	1	1	1	1	1	1
340	2.608365	1	1	1	1	1	1	1	1	1	1	1	1	1	1	1	1	1	1	1	1	1	1	1	1	1	1	0	1	1	1	1	1	1	1	1	1	1	1	1	1	1	1	1	1	1	1	1	1	1	1	1	1	1	1	1	1	1	1	1	1	1	1	1	1	1	1	1	1	1	1	1	0	1	1	1	1	1	1	1	1	1	1	1	1	1	1	1	1	1	1	1	1	1	1	1	1	1	1	1
341	14.844386	1	1	1	1	1	1	1	1	1	1	1	1	1	1	1	1	1	1	1	1	1	1	1	1	1	1	0	1	1	1	1	1	1	1	1	1	1	1	1	1	1	1	1	1	1	1	1	1	1	1	1	1	1	1	1	1	1	1	1	1	1	1	1	1	1	1	1	1	1	1	1	1	1	1	1	1	1	1	1	1	1	1	1	1	1	1	1	1	1	1	1	1	1	1	1	1	1	1	1
342	18.370449	1	1	1	1	1	1	1	1	1	1	1	1	1	1	1	1	1	0	1	1	1	1	1	1	1	1	1	1	1	1	1	1	1	1	1	1	1	1	1	1	1	1	1	1	1	1	1	1	1	1	1	1	1	1	1	1	1	1	1	1	1	1	1	1	1	1	1	1	1	1	1	1	1	1	1	1	1	1	1	1	1	1	1	1	1	1	1	1	1	1	1	1	1	1	1	1	1	1	1
343	16.878897	1	1	1	1	1	1	1	1	1	1	1	1	1	1	1	1	1	1	1	0	1	1	1	1	1	1	1	1	1	1	1	1	1	1	1	1	1	1	1	1	1	1	1	1	1	1	1	1	1	1	1	1	1	1	1	1	1	1	1	1	1	1	1	1	1	1	1	1	1	1	1	1	1	1	1	1	1	1	1	1	1	1	1	1	1	1	1	1	1	1	1	1	1	1	1	1	1	1	1
344	22.632391	1	1	1	1	1	1	1	1	1	1	1	1	1	1	1	1	1	1	1	1	1	1	1	1	1	1	1	1	1	1	1	1	1	1	1	1	1	1	1	1	1	1	1	1	1	1	1	1	1	1	1	1	1	1	1	1	1	1	1	1	1	1	1	1	1	1	1	1	1	0	1	1	1	1	1	1	1	1	1	1	1	1	1	1	1	1	1	1	1	1	1	1	1	1	1	1	1	1	1
345	19.550089	1	1	1	1	1	1	1	1	1	1	1	1	1	1	1	1	1	1	1	1	1	1	1	1	1	1	1	1	1	1	1	1	1	1	1	1	1	1	1	1	1	1	1	1	1	1	0	1	1	1	1	1	1	1	1	1	1	1	1	1	1	1	1	1	1	1	1	1	1	1	1	1	1	1	1	1	1	1	1	1	1	1	1	1	1	1	1	1	1	1	1	1	1	1	1	1	1	1	1
346	21.503342	1	1	1	1	1	1	1	1	1	1	1	1	1	1	1	1	1	1	1	1	1	1	1	1	1	1	1	1	1	1	1	1	1	1	1	1	1	1	0	1	1	1	1	1	1	1	1	1	1	1	1	1	1	1	1	1	1	1	1	1	1	1	1	1	1	1	1	1	1	1	1	1	1	1	1	1	1	1	1	1	1	1	1	1	1	1	1	1	1	1	1	1	1	1	1	1	1	1	1
347	16.444628	1	1	1	1	1	1	1	1	1	1	1	1	1	1	1	1	1	1	1	1	1	1	1	1	1	1	1	1	1	1	1	1	1	1	1	1	1	1	1	1	1	1	1	1	1	1	1	1	1	1	1	1	1	1	1	1	1	1	1	1	1	1	1	1	1	1	1	1	1	1	1	1	1	1	1	0	1	1	1	1	1	1	1	1	1	1	1	1	1	1	1	1	1	1	1	1	1	1	1
348	9.273794	1	1	1	1	1	1	1	1	1	1	1	1	1	1	1	1	1	1	1	1	1	1	1	1	1	1	1	1	1	1	1	1	0	1	1	1	1	1	1	1	1	1	1	1	1	1	1	1	1	1	1	1	1	1	1	1	1	1	1	1	1	1	1	1	1	1	1	1	1	1	1	1	1	1	1	0	1	1	1	1	1	1	1	1	1	1	1	1	1	1	1	1	1	1	1	1	1	1	1
349	16.90226	1	1	1	1	1	1	1	1	1	1	1	1	1	1	1	1	1	1	1	1	1	1	1	1	1	1	1	1	1	1	1	1	0	1	1	1	1	1	1	1	1	1	1	1	1	1	1	1	1	1	1	1	1	1	1	1	1	1	1	1	1	1	1	1	1	1	1	1	1	1	1	1	1	1	1	1	1	1	1	1	1	1	1	1	1	1	1	1	1	1	1	1	1	1	1	1	1	1	1
350	26.203154	1	1	1	1	1	1	1	1	1	1	0	1	1	1	1	1	1	1	1	1	1	1	1	1	1	1	1	1	1	1	1	1	1	1	1	1	1	1	1	1	1	1	1	1	1	1	1	1	1	1	1	1	1	1	1	1	1	1	1	1	1	1	1	1	1	1	1	1	1	1	1	1	1	1	1	1	1	1	1	1	1	1	1	1	1	1	1	1	1	1	1	1	1	1	1	1	1	1	1
351	13.311121	1	1	1	1	1	1	1	1	1	1	1	1	1	1	1	1	1	1	1	1	1	1	1	1	1	1	1	1	1	1	1	1	1	1	1	1	1	1	1	1	1	1	1	1	1	1	1	1	1	1	1	1	1	1	1	1	1	1	1	1	1	1	1	1	1	1	1	1	1	1	1	1	1	1	1	1	1	1	1	0	1	1	1	1	1	1	1	1	1	1	1	1	1	1	1	1	1	1	1
352	13.384927	1	1	1	1	1	1	1	1	1	1	1	1	1	1	1	1	1	1	1	1	1	1	1	1	1	1	1	1	1	1	1	1	1	1	1	1	1	1	1	1	1	1	1	1	1	1	1	1	1	1	1	1	1	1	1	1	1	1	1	1	1	1	1	1	1	1	1	1	1	1	0	1	1	1	1	1	1	1	1	0	1	1	1	1	1	1	1	1	1	1	1	1	1	1	1	1	1	1	1
353	11.297647	1	1	1	1	1	1	1	1	1	1	1	1	1	1	1	1	1	1	1	1	1	1	1	1	1	1	1	1	1	1	1	1	1	1	1	1	1	1	1	1	1	1	1	1	1	1	1	1	1	1	1	1	1	1	1	1	1	1	1	1	1	1	1	1	1	1	1	1	1	1	0	1	1	1	1	1	1	1	1	1	1	1	1	1	1	1	1	1	1	1	1	1	1	1	1	1	1	1	1
354	.768978	1	1	1	1	1	1	1	1	1	1	1	1	1	1	1	1	1	1	1	1	1	1	1	1	1	1	1	1	1	1	1	1	1	1	1	1	1	1	1	1	1	1	1	1	1	1	1	1	1	1	1	1	1	1	1	1	1	1	1	0	1	1	1	1	1	1	1	1	1	1	0	1	1	1	1	1	1	1	1	1	1	1	1	1	1	1	1	1	1	1	1	1	1	1	1	1	1	1	1
355	26.194708	1	1	1	1	1	1	1	1	1	1	1	1	1	1	1	1	1	1	1	1	1	1	1	1	1	1	1	1	1	1	1	1	1	1	1	1	1	1	1	1	1	1	1	1	1	1	1	1	1	1	1	1	1	1	1	1	1	1	1	0	1	1	1	1	1	1	1	1	1	1	1	1	1	1	1	1	1	1	1	1	1	1	1	1	1	1	1	1	1	1	1	1	1	1	1	1	1	1	1
356	25.988562	1	1	1	1	1	1	1	1	1	1	1	1	1	1	1	1	1	1	1	1	1	1	0	1	1	1	1	1	1	1	1	1	1	1	1	1	1	1	1	1	1	1	1	1	1	1	1	1	1	1	1	1	1	1	1	1	1	1	1	1	1	1	1	1	1	1	1	1	1	1	1	1	1	1	1	1	1	1	1	1	1	1	1	1	1	1	1	1	1	1	1	1	1	1	1	1	1	1	1
357	22.8769	1	1	1	1	1	1	1	1	1	1	1	1	1	1	1	1	1	1	1	1	1	1	1	1	1	1	1	1	1	1	1	1	1	1	1	1	1	1	1	1	1	1	1	1	1	1	1	1	1	1	1	1	1	1	1	0	1	1	1	1	1	1	1	1	1	1	1	1	1	1	1	1	1	1	1	1	1	1	1	1	1	1	1	1	1	1	1	1	1	1	1	1	1	1	1	1	1	1	1
358	5.900037	1	1	1	1	1	1	1	1	1	1	1	1	1	1	1	1	1	1	1	1	1	1	1	1	0	1	1	1	1	1	1	1	1	1	1	1	1	1	1	1	1	1	1	1	1	1	1	1	1	1	1	1	1	1	1	0	1	1	1	1	1	1	1	1	1	1	1	1	1	1	1	1	1	1	1	1	1	1	1	1	1	1	1	1	1	1	1	1	1	1	1	1	1	1	1	1	1	1	1
359	23.942646	1	1	1	1	1	1	1	1	1	1	1	1	1	1	1	1	1	1	1	1	1	1	1	1	0	1	1	1	1	1	1	1	1	1	1	1	1	1	1	1	1	1	1	1	1	1	1	1	1	1	1	1	1	1	1	1	1	1	1	1	1	1	1	1	1	1	1	1	1	1	1	1	1	1	1	1	1	1	1	1	1	1	1	1	1	1	1	1	1	1	1	1	1	1	1	1	1	1	1
360	29.057032	1	1	1	1	1	1	1	1	1	1	1	1	1	1	1	1	1	1	1	1	1	1	1	1	1	1	1	1	1	1	1	1	1	1	1	1	1	0	1	1	1	1	1	1	1	1	1	1	1	1	1	1	1	1	1	1	1	1	1	1	1	1	1	1	1	1	1	1	1	1	1	1	1	1	1	1	1	1	1	1	1	1	1	1	1	1	1	1	1	1	1	1	1	1	1	1	1	1	1
361	27.98139	1	1	1	1	1	1	1	1	1	1	1	1	1	1	1	1	1	1	1	1	1	1	1	1	1	1	1	1	1	1	1	1	1	1	1	1	1	1	1	1	1	1	1	1	1	1	1	1	1	1	1	1	1	1	1	1	1	1	1	1	1	1	1	1	1	1	1	1	1	1	1	1	0	1	1	1	1	1	1	1	1	1	1	1	1	1	1	1	1	1	1	1	1	1	1	1	1	1	1
362	69.272202	1	1	1	1	1	1	1	1	1	1	1	1	1	1	1	1	1	1	1	1	1	1	1	1	1	1	1	1	1	1	1	1	1	1	1	1	1	1	1	1	1	1	1	1	1	1	1	1	1	1	1	1	1	1	1	1	1	1	1	1	1	1	1	1	1	1	1	1	1	1	1	1	1	1	1	1	1	1	1	1	0	1	1	1	1	1	1	1	1	1	1	1	1	1	1	1	1	1	1

