Splits	Weights	LEAHY_P_Dem	MARKEY_E_Dem	SCHUMER_C_Dem	WYDEN_R_Dem	CARPER_T_Dem	DURBIN_R_Dem	CARDIN_B_Dem	VAN_HOLLEN_C_Dem	MURPHY_C_Dem	HIRONO_M_Dem	GILLIBRAND_K_Dem	PETERS_G_Dem	HEINRICH_M_Dem	SINEMA_K_Dem	DUCKWORTH_T_Dem	ROSEN_J_Dem	REED_J_Dem	SANDERS_B_Ind	MENENDEZ_R_Dem	BROWN_S_Dem	STABENOW_D_Dem	UDALL_T_Dem	BALDWIN_T_Dem	CANTWELL_M_Dem	KLOBUCHAR_A_Dem	TESTER_J_Dem	CASEY_R_Dem	WHITEHOUSE_S_Dem	SHAHEEN_J_Dem	MERKLEY_J_Dem	WARNER_M_Dem	BENNET_M_Dem	MANCHIN_J_Dem	COONS_C_Dem	BLUMENTHAL_R_Dem	SCHATZ_B_Dem	KING_A_Ind	WARREN_E_Dem	KAINE_T_Dem	BOOKER_C_Dem	CORTEZ_MASTO_C_Dem	HARRIS_K_Dem	HASSAN_M_Dem	JONES_G_Dem	SMITH_T_Dem	FEINSTEIN_D_Dem	MURRAY_P_Dem
1	33.988762	1	1	1	1	1	1	1	1	1	1	1	1	1	1	1	1	1	1	1	1	1	1	1	1	1	1	1	0	1	1	1	1	1	1	1	1	1	1	1	1	1	1	1	1	1	1	1
2	.821274	1	1	1	1	1	1	1	1	1	1	1	1	1	1	1	1	0	1	1	1	1	1	1	1	1	1	1	0	1	1	1	1	1	1	1	1	1	1	1	1	1	1	1	1	1	1	1
3	.276082	1	0	0	0	1	0	1	0	1	0	0	1	0	1	1	1	0	0	0	0	0	0	1	0	0	1	1	0	1	0	1	0	1	1	0	0	1	0	1	0	1	0	1	1	0	1	0
4	4.760306	1	0	0	0	1	0	1	0	1	0	0	1	0	1	0	1	0	0	0	0	0	0	0	0	0	1	1	0	1	0	1	0	1	1	0	0	1	0	1	0	1	0	1	1	0	1	0
5	2.782793	1	0	0	0	1	0	1	0	1	0	0	0	0	1	0	1	0	0	0	0	0	0	0	0	0	1	0	0	1	0	1	0	1	1	0	0	1	0	1	0	1	0	1	1	0	1	0
6	1.28693	1	0	0	0	1	0	0	0	1	0	0	0	0	1	0	0	0	0	0	0	0	0	0	0	0	0	0	0	1	0	1	0	1	1	0	0	1	0	1	0	0	0	1	1	0	1	0
7	22.879782	1	0	0	0	0	0	0	0	0	0	0	0	0	0	0	0	0	0	0	0	0	0	0	0	0	0	0	0	0	0	0	0	0	0	0	0	0	0	0	0	0	0	0	0	0	0	0
8	20.342213	1	1	1	1	1	1	1	1	1	1	1	1	1	1	1	1	0	1	1	1	1	1	1	1	1	1	1	1	1	1	1	1	1	1	1	1	1	1	1	1	1	1	1	1	1	1	1
9	1.864455	1	0	0	0	1	0	0	0	1	0	0	0	0	1	0	0	0	0	0	0	0	0	0	0	0	1	0	1	1	0	1	0	1	1	0	0	1	0	1	0	0	0	1	1	0	1	0
10	24.237553	1	1	1	1	1	0	1	1	1	1	1	1	1	1	1	1	1	1	1	1	1	1	1	1	1	1	1	1	1	1	1	1	1	1	1	1	1	1	1	1	1	1	1	1	1	1	1
11	1.354776	1	0	0	0	0	0	0	0	0	0	0	0	0	0	0	0	1	0	0	0	0	0	0	0	0	0	0	1	0	0	0	0	0	0	0	0	0	0	0	0	0	0	0	0	0	1	0
12	58.098148	1	1	1	1	1	1	1	1	1	1	1	1	1	1	1	1	1	1	1	1	1	1	1	1	1	1	1	1	1	1	1	0	1	1	1	1	1	1	1	1	1	1	1	1	1	1	1
13	.182512	1	0	0	0	1	1	1	0	1	0	0	1	1	1	1	1	1	0	0	0	1	1	1	1	0	1	1	1	1	0	1	0	1	1	1	0	1	0	1	0	1	0	1	1	1	1	1
14	3.686336	1	0	0	0	1	1	1	0	1	0	0	1	1	1	1	1	1	0	0	0	1	1	1	0	0	1	1	1	1	0	1	0	1	1	0	0	1	0	1	0	1	0	1	1	1	1	0
15	5.970069	1	0	0	0	1	1	1	0	1	0	0	1	1	1	1	1	1	0	0	0	0	1	1	0	0	1	1	1	1	0	1	0	1	1	0	0	1	0	1	0	1	0	1	1	1	1	0
16	4.074951	1	0	0	0	1	1	1	0	1	0	0	1	1	1	1	1	1	0	0	0	0	0	1	0	0	1	1	1	1	0	1	0	1	1	0	0	1	0	1	0	1	0	1	1	0	1	0
17	7.398501	1	0	0	0	1	1	1	0	1	0	0	1	0	1	1	1	1	0	0	0	0	0	0	0	0	1	1	1	1	0	1	0	1	1	0	0	1	0	1	0	1	0	1	1	0	1	0
18	.44361	1	0	0	0	1	1	1	0	1	0	0	0	0	1	0	1	1	0	0	0	0	0	0	0	0	1	0	1	1	0	1	0	1	1	0	0	1	0	1	0	0	0	1	1	0	1	0
19	1.388971	1	0	0	0	1	1	0	0	1	0	0	0	0	1	0	0	1	0	0	0	0	0	0	0	0	1	0	1	1	0	1	0	1	1	0	0	1	0	1	0	0	0	1	1	0	1	0
20	32.637596	1	1	1	1	1	1	1	1	1	1	1	1	1	1	1	1	1	1	1	0	1	1	1	1	1	1	1	1	1	1	1	1	1	1	1	1	1	1	1	1	1	1	1	1	1	1	1
21	2.048213	1	0	1	0	1	1	1	0	1	1	0	1	1	1	1	1	1	1	0	0	1	1	1	1	1	1	1	1	1	0	1	1	1	1	1	0	1	1	1	1	1	1	1	1	1	1	1
22	2.759152	1	0	0	0	1	1	1	0	1	0	0	0	0	1	0	1	1	0	0	0	0	0	0	0	0	1	0	1	1	0	1	1	1	1	0	0	1	0	1	0	0	0	1	1	0	1	0
23	1.956187	1	0	0	0	1	1	0	0	1	0	0	0	0	1	0	0	1	0	0	0	0	0	0	0	0	1	0	1	1	0	1	1	1	1	0	0	1	0	1	0	0	0	1	1	0	1	0
24	.566376	1	0	0	0	1	1	0	0	1	0	0	0	0	1	0	0	1	0	0	0	0	0	0	0	0	0	0	1	1	0	1	1	1	1	0	0	1	0	1	0	0	0	1	1	0	1	0
25	27.156796	1	1	1	1	1	1	1	1	1	1	1	1	1	1	1	1	1	1	0	1	1	1	1	1	1	1	1	1	1	1	1	1	1	1	1	1	1	1	1	1	1	1	1	1	1	1	1
26	.775104	1	0	1	0	1	1	1	0	1	1	1	1	1	1	1	1	1	1	0	1	1	1	1	1	1	1	1	1	1	0	1	1	1	1	1	0	1	1	1	1	1	1	1	1	1	1	1
27	.644098	1	0	1	0	1	1	1	0	1	1	0	1	1	1	1	1	1	1	0	1	1	1	1	1	1	1	1	1	1	0	1	1	1	1	1	0	1	1	1	1	1	1	1	1	1	1	1
28	1.870276	1	0	0	0	1	1	1	0	1	0	0	1	1	1	1	1	1	0	0	1	0	1	1	0	0	1	1	1	1	0	1	1	1	1	0	0	1	0	1	0	1	0	1	1	0	1	0
29	3.540781	1	0	0	0	1	1	1	0	1	0	0	1	0	1	0	1	1	0	0	1	0	0	0	0	0	1	1	1	1	0	1	1	1	1	0	0	1	0	1	0	1	0	1	1	0	1	0
30	1.143497	1	0	0	0	1	1	1	0	1	0	0	0	0	1	0	1	1	0	0	1	0	0	0	0	0	1	0	1	1	0	1	1	1	1	0	0	1	0	1	0	1	0	1	1	0	1	0
31	24.767612	1	1	1	1	1	1	1	0	1	1	1	1	1	1	1	1	1	1	1	1	1	1	1	1	1	1	1	1	1	1	1	1	1	1	1	1	1	1	1	1	1	1	1	1	1	1	1
32	3.434858	1	0	1	0	1	1	1	0	1	1	0	1	1	1	1	1	1	1	1	1	1	1	1	1	1	1	1	1	1	0	1	1	1	1	1	0	1	1	1	1	1	1	1	1	1	1	1
33	.334353	1	0	0	0	1	1	1	0	1	0	0	1	1	1	1	1	1	0	1	1	0	0	1	0	0	1	1	1	1	0	1	1	1	1	0	0	1	0	1	0	1	0	1	1	0	1	0
34	2.575695	1	0	0	0	1	1	1	0	1	0	0	1	0	1	1	1	1	0	1	1	0	0	1	0	0	1	1	1	1	0	1	1	1	1	0	0	1	0	1	0	1	0	1	1	0	1	0
35	3.836359	1	0	0	0	1	1	1	0	1	0	0	1	0	1	1	1	1	0	1	1	0	0	0	0	0	1	1	1	1	0	1	1	1	1	0	0	1	0	1	0	1	0	1	1	0	1	0
36	35.317238	1	1	1	1	1	1	1	1	1	1	1	1	1	1	1	1	1	1	1	1	1	1	1	1	1	1	1	1	1	1	1	1	1	1	1	0	1	1	1	1	1	1	1	1	1	1	1
37	4.279175	1	0	0	0	1	1	1	1	1	0	0	1	1	1	1	1	1	0	1	1	1	1	1	1	0	1	1	1	1	0	1	1	1	1	0	0	1	0	1	0	1	0	1	1	1	1	1
38	2.928247	1	0	0	0	1	1	1	1	1	0	0	1	1	1	1	1	1	0	1	1	1	1	1	1	0	1	1	1	1	0	1	1	1	1	0	0	1	0	1	0	1	0	1	1	1	1	0
39	.695822	1	0	0	0	1	1	1	1	1	0	0	1	1	1	1	1	1	0	1	1	1	1	1	0	0	1	1	1	1	0	1	1	1	1	0	0	1	0	1	0	1	0	1	1	1	1	0
40	1.406581	1	0	0	0	1	1	1	1	1	0	0	1	0	1	1	1	1	0	1	1	0	0	1	0	0	1	1	1	1	0	1	1	1	1	0	0	1	0	1	0	1	0	1	1	0	1	0
41	24.975664	1	1	1	0	1	1	1	1	1	1	1	1	1	1	1	1	1	1	1	1	1	1	1	1	1	1	1	1	1	1	1	1	1	1	1	1	1	1	1	1	1	1	1	1	1	1	1
42	16.095854	1	0	1	0	1	1	1	1	1	1	0	1	1	1	1	1	1	1	1	1	1	1	1	1	1	1	1	1	1	0	1	1	1	1	1	1	1	1	1	1	1	1	1	1	1	1	1
43	3.566321	1	0	0	0	1	1	1	1	1	0	0	1	1	1	1	1	1	0	1	1	1	1	1	1	0	1	1	1	1	0	1	1	1	1	1	1	1	0	1	0	1	0	1	1	1	1	1
44	4.104391	1	0	0	0	1	1	1	1	1	0	0	1	1	1	1	1	1	0	1	1	1	1	1	1	0	1	1	1	1	0	1	1	1	1	0	1	1	0	1	0	1	0	1	1	1	1	1
45	18.59947	1	1	1	1	1	1	1	1	1	1	1	1	1	1	1	1	1	1	1	1	1	1	1	1	1	1	1	1	1	0	1	1	1	1	1	1	1	1	1	1	1	1	1	1	1	1	1
46	4.859496	1	0	1	1	1	1	1	1	1	1	1	1	1	1	1	1	1	1	1	1	1	1	1	1	1	1	1	1	1	0	1	1	1	1	1	1	1	1	1	1	1	1	1	1	1	1	1
47	2.402372	1	0	1	1	1	1	1	1	1	1	0	1	1	1	1	1	1	1	1	1	1	1	1	1	1	1	1	1	1	0	1	1	1	1	1	1	1	1	1	1	1	1	1	1	1	1	1
48	3.966676	1	0	1	1	1	1	1	1	1	0	0	1	1	1	1	1	1	0	1	1	1	1	1	1	0	1	1	1	1	0	1	1	1	1	1	1	1	0	1	0	1	0	1	1	1	1	1
49	2.088059	1	0	0	1	1	1	1	1	1	0	0	1	1	1	1	1	1	0	1	1	1	1	1	1	0	1	1	1	1	0	1	1	1	1	1	1	1	0	1	0	1	0	1	1	1	1	1
50	37.26144	1	0	1	1	1	1	1	1	1	1	1	1	1	1	1	1	1	1	1	1	1	1	1	1	1	1	1	1	1	1	1	1	1	1	1	1	1	1	1	1	1	1	1	1	1	1	1
51	5.663819	1	0	1	1	1	1	1	1	1	1	0	1	1	1	1	1	1	1	1	1	1	1	1	1	1	1	1	1	1	1	1	1	1	1	1	1	1	1	1	1	1	1	1	1	1	1	1
52	6.086804	1	0	1	1	1	1	1	1	1	1	0	1	1	1	1	1	1	0	1	1	1	1	1	1	1	1	1	1	1	1	1	1	1	1	1	1	1	0	1	1	1	0	1	1	1	1	1
53	19.790764	1	0	1	1	1	1	1	1	1	1	0	1	1	1	1	1	1	0	1	1	1	1	1	1	0	1	1	1	1	1	1	1	1	1	1	1	1	0	1	0	1	0	1	1	1	1	1
54	9.272282	1	0	1	1	1	1	1	1	1	0	0	1	1	1	1	1	1	0	1	1	1	1	1	1	0	1	1	1	1	1	1	1	1	1	1	1	1	0	1	0	1	0	1	1	1	1	1
55	29.171776	1	1	1	1	1	1	1	1	1	1	0	1	1	1	1	1	1	1	1	1	1	1	1	1	1	1	1	1	1	1	1	1	1	1	1	1	1	1	1	1	1	1	1	1	1	1	1
56	3.14029	1	1	1	1	1	1	1	1	1	1	0	1	1	1	1	1	1	1	1	1	1	1	1	1	1	1	1	1	1	1	1	1	1	1	1	1	1	1	1	1	1	0	1	1	1	1	1
57	9.821745	1	1	1	1	1	1	1	1	1	1	0	1	1	1	1	1	1	0	1	1	1	1	1	1	1	1	1	1	1	1	1	1	1	1	1	1	1	0	1	0	1	0	1	1	1	1	1
58	9.470295	1	1	1	1	1	1	1	1	1	1	0	1	1	1	1	1	1	0	1	1	1	1	1	1	0	1	1	1	1	1	1	1	1	1	1	1	1	0	1	0	1	0	1	1	1	1	1
59	56.337063	1	1	1	1	1	1	1	1	1	1	1	1	1	1	1	1	1	1	1	1	1	1	1	1	1	1	1	1	1	1	1	1	1	1	1	1	1	1	1	1	1	0	1	1	1	1	1
60	16.126589	1	1	1	1	1	1	1	1	1	1	1	1	1	1	1	1	1	0	1	1	1	1	1	1	1	1	1	1	1	1	1	1	1	1	1	1	1	1	1	1	1	0	1	1	1	1	1
61	13.61544	1	1	1	1	1	1	1	1	1	1	1	1	1	1	1	1	1	0	1	1	1	1	1	1	1	1	1	1	1	1	1	1	1	1	1	1	1	0	1	0	1	0	1	1	1	1	1
62	18.88245	1	1	1	1	1	1	1	1	1	1	1	1	1	1	1	1	1	0	1	1	1	1	1	1	0	1	1	1	1	1	1	1	1	1	1	1	1	0	1	0	1	0	1	1	1	1	1
63	38.746254	1	1	1	1	1	1	1	1	1	1	1	1	1	1	1	1	1	0	1	1	1	1	1	1	1	1	1	1	1	1	1	1	1	1	1	1	1	1	1	1	1	1	1	1	1	1	1
64	16.534721	1	1	1	1	1	1	1	1	1	1	1	1	1	1	1	1	1	0	1	1	1	1	1	1	1	1	1	1	1	1	1	1	1	1	1	1	1	0	1	1	1	1	1	1	1	1	1
65	4.102369	1	1	1	1	1	1	1	1	1	1	1	1	1	1	1	1	1	0	1	1	1	1	1	1	0	1	1	1	1	1	1	1	1	1	1	1	1	0	1	0	1	1	1	1	1	1	1
66	30.469908	1	1	1	1	1	1	1	1	1	1	1	1	1	1	1	1	1	1	1	1	1	1	1	1	1	1	1	1	1	1	1	1	1	1	1	1	1	0	1	1	1	1	1	1	1	1	1
67	43.714699	1	1	1	1	1	1	1	1	1	1	1	1	1	1	1	1	1	1	1	1	1	1	1	1	1	1	1	1	1	1	1	1	1	1	1	1	1	1	1	0	1	1	1	1	1	1	1
68	37.33033	1	1	1	1	1	1	1	1	1	1	1	1	1	1	1	1	1	1	1	1	1	1	1	1	0	1	1	1	1	1	1	1	1	1	1	1	1	1	1	1	1	1	1	1	1	1	1
69	.384346	1	1	0	1	1	1	1	1	1	0	1	1	1	1	1	1	1	1	1	1	0	1	1	0	0	1	1	1	1	1	1	1	1	1	0	1	1	1	1	1	1	1	1	1	0	1	0
70	43.629047	1	1	1	1	1	1	1	1	1	0	1	1	1	1	1	1	1	1	1	1	1	1	1	1	1	1	1	1	1	1	1	1	1	1	1	1	1	1	1	1	1	1	1	1	1	1	1
71	1.636494	1	1	0	1	1	1	1	1	1	0	1	1	1	1	1	1	1	1	1	1	1	1	1	1	1	1	1	1	1	1	1	1	1	1	0	1	1	1	1	1	1	1	1	1	1	1	1
72	.633746	1	1	0	1	1	1	1	1	1	0	1	1	1	1	1	1	1	1	1	1	1	1	1	0	1	1	1	1	1	1	1	1	1	1	0	1	1	1	1	1	1	1	1	1	1	1	0
73	1.752118	1	1	0	1	1	1	1	1	1	0	1	1	1	1	1	1	1	1	1	1	0	1	1	0	1	1	1	1	1	1	1	1	1	1	0	1	1	1	1	1	1	1	1	1	1	1	0
74	1.449731	1	1	0	1	1	1	1	1	1	0	1	1	0	1	1	1	1	1	1	1	0	0	0	0	1	1	1	1	1	1	1	1	1	1	0	1	1	1	1	1	1	1	1	1	0	1	0
75	1.232471	1	1	0	1	1	1	1	1	1	0	1	0	0	1	0	1	1	1	1	1	0	0	0	0	1	1	0	1	1	1	1	1	1	1	0	1	1	1	1	1	0	1	1	1	0	1	0
76	2.64134	1	1	0	1	1	1	0	1	1	0	1	0	0	1	0	0	1	1	1	1	0	0	0	0	1	0	0	1	0	1	1	1	1	1	0	1	0	1	1	1	0	1	0	1	0	1	0
77	23.471634	1	1	0	1	1	1	1	1	1	1	1	1	1	1	1	1	1	1	1	1	1	1	1	1	1	1	1	1	1	1	1	1	1	1	1	1	1	1	1	1	1	1	1	1	1	1	1
78	4.273255	1	1	0	1	1	1	1	1	1	1	1	1	1	1	1	1	1	1	1	1	1	1	1	0	1	1	1	1	1	1	1	1	1	1	0	1	1	1	1	1	1	1	1	1	1	1	0
79	22.93539	1	1	1	1	1	1	1	1	1	1	1	1	1	1	1	1	1	1	1	1	1	1	1	1	1	1	1	1	1	1	1	1	1	1	0	1	1	1	1	1	1	1	1	1	1	1	1
80	.485374	1	1	1	1	1	1	1	1	1	1	1	1	1	1	1	1	1	1	1	1	1	1	1	0	1	1	1	1	1	1	1	1	1	1	0	1	1	1	1	1	1	1	1	1	1	1	0
81	18.574789	1	1	1	1	1	1	1	1	1	1	1	1	1	1	1	1	1	1	1	1	1	1	1	1	1	1	1	1	1	1	1	1	1	1	1	1	1	1	1	1	1	1	1	1	1	1	0
82	9.915198	1	1	1	1	1	1	1	1	1	1	1	1	1	1	1	1	1	1	1	1	1	1	1	0	1	1	1	1	1	1	1	1	1	1	1	1	1	1	1	1	1	1	1	1	1	1	0
83	11.782734	1	1	1	1	1	1	1	1	1	1	1	1	1	1	1	1	1	1	1	1	1	1	1	0	1	1	1	1	1	1	1	1	1	1	1	1	1	1	1	1	1	1	1	1	1	1	1
84	29.982542	1	1	1	1	1	1	1	1	1	1	1	1	1	1	1	1	1	1	1	1	0	1	1	1	1	1	1	1	1	1	1	1	1	1	1	1	1	1	1	1	1	1	1	1	1	1	1
85	20.908476	1	1	1	1	1	1	1	1	1	1	1	1	1	1	1	1	1	1	1	1	1	1	1	1	1	1	1	1	1	1	1	1	1	1	1	1	1	1	1	1	1	1	1	1	0	1	1
86	21.003159	1	1	1	1	1	1	1	1	1	1	1	1	1	1	1	1	1	1	1	1	1	0	1	1	1	1	1	1	1	1	1	1	1	1	1	1	1	1	1	1	1	1	1	1	1	1	1
87	4.169148	1	1	1	1	1	1	1	1	1	1	1	1	0	1	1	1	1	1	1	1	1	0	1	1	1	1	1	1	1	1	1	1	1	1	1	1	1	1	1	1	1	1	1	1	1	1	1
88	.315956	1	1	1	1	1	1	1	1	1	1	1	1	0	1	1	1	1	1	1	1	1	0	0	1	1	1	1	1	1	1	1	1	1	1	1	1	1	1	1	1	1	1	1	1	1	1	1
89	25.609446	1	1	1	1	1	1	1	1	1	1	1	1	0	1	1	1	1	1	1	1	1	1	1	1	1	1	1	1	1	1	1	1	1	1	1	1	1	1	1	1	1	1	1	1	1	1	1
90	19.055891	1	1	1	1	1	1	1	1	1	1	1	1	1	1	1	1	1	1	1	1	1	1	0	1	1	1	1	1	1	1	1	1	1	1	1	1	1	1	1	1	1	1	1	1	1	1	1
91	27.320629	1	1	1	1	1	1	1	1	1	1	1	1	1	1	0	1	1	1	1	1	1	1	1	1	1	1	1	1	1	1	1	1	1	1	1	1	1	1	1	1	1	1	1	1	1	1	1
92	.440304	1	1	1	1	1	1	0	1	1	1	1	0	1	0	0	0	1	1	1	1	1	1	1	1	1	0	0	1	0	1	1	1	0	1	1	1	0	1	1	1	0	1	0	0	1	1	1
93	2.211313	1	1	1	1	0	1	0	1	0	1	1	0	1	0	0	0	1	1	1	1	1	1	1	1	1	0	0	1	0	1	0	1	0	0	1	1	0	1	0	1	0	1	0	0	1	0	1
94	22.526714	1	1	1	1	1	1	1	1	1	1	1	0	1	1	1	1	1	1	1	1	1	1	1	1	1	1	1	1	1	1	1	1	1	1	1	1	1	1	1	1	1	1	1	1	1	1	1
95	23.028585	1	1	1	1	1	1	1	1	1	1	1	1	1	1	1	1	1	1	1	1	1	1	1	1	1	1	0	1	1	1	1	1	1	1	1	1	1	1	1	1	1	1	1	1	1	1	1
96	4.737322	1	1	1	1	1	1	1	1	1	1	1	1	1	1	1	1	1	1	1	1	1	1	1	1	1	1	1	1	1	1	1	1	1	1	1	1	1	1	1	1	0	1	1	1	1	1	1
97	15.045627	1	1	1	1	1	1	1	1	1	1	1	1	1	1	1	0	1	1	1	1	1	1	1	1	1	1	1	1	1	1	1	1	1	1	1	1	1	1	1	1	0	1	1	1	1	1	1
98	.547103	1	1	1	1	0	1	0	1	0	1	1	1	1	0	1	0	1	1	1	1	1	1	1	1	1	0	1	1	0	1	1	1	0	1	1	1	0	1	1	1	0	1	0	0	1	1	1
99	6.034067	1	1	1	1	1	1	1	1	1	1	1	1	1	1	1	0	1	1	1	1	1	1	1	1	1	1	1	1	1	1	1	1	1	1	1	1	1	1	1	1	1	1	1	1	1	1	1
100	2.231926	1	1	1	1	0	1	0	1	0	1	1	1	1	0	1	0	1	1	1	1	1	1	1	1	1	0	1	1	0	1	1	1	0	1	1	1	0	1	1	1	1	1	0	0	1	1	1
101	.097758	1	1	1	1	0	1	0	1	0	1	1	1	1	0	1	0	1	1	1	1	1	1	1	1	1	0	1	1	0	1	0	1	0	0	1	1	0	1	1	1	1	1	0	0	1	1	1
102	21.983301	1	1	1	1	1	1	0	1	1	1	1	1	1	1	1	1	1	1	1	1	1	1	1	1	1	1	1	1	1	1	1	1	1	1	1	1	1	1	1	1	1	1	1	1	1	1	1
103	24.054522	1	1	1	1	1	1	1	1	1	1	1	1	1	1	1	1	1	1	1	1	1	1	1	1	1	0	1	1	1	1	1	1	1	1	1	1	1	1	1	1	1	1	1	1	1	1	1
104	2.424191	1	1	1	1	1	1	1	1	1	1	1	1	1	0	1	1	1	1	1	1	1	1	1	1	1	0	1	1	0	1	1	1	0	1	1	1	0	1	1	1	1	1	0	0	1	1	1
105	4.068231	1	1	1	1	0	1	1	1	0	1	1	1	1	0	1	1	1	1	1	1	1	1	1	1	1	0	1	1	0	1	1	1	0	1	1	1	0	1	1	1	1	1	0	0	1	1	1
106	1.790815	1	1	1	1	0	1	1	1	0	1	1	1	1	0	1	1	1	1	1	1	1	1	1	1	1	0	1	1	0	1	0	1	0	0	1	1	0	1	1	1	1	1	0	0	1	1	1
107	.766205	1	1	1	1	0	1	1	1	0	1	1	1	1	0	1	1	1	1	1	1	1	1	1	1	1	0	1	1	0	1	0	1	0	0	1	1	0	1	0	1	1	1	0	0	1	1	1
108	1.609234	1	1	1	1	0	1	1	1	0	1	1	1	1	0	1	1	1	1	1	1	1	1	1	1	1	0	1	1	0	1	0	1	0	0	1	1	0	1	0	1	1	1	0	0	1	0	1
109	13.96609	1	1	1	1	1	1	1	1	1	1	1	1	1	1	1	1	1	1	1	1	1	1	1	1	1	1	1	1	0	1	1	1	1	1	1	1	1	1	1	1	1	1	1	1	1	1	1
110	4.969709	1	1	1	1	1	1	1	1	1	1	1	1	1	1	1	1	1	1	1	1	1	1	1	1	1	1	1	1	0	1	1	1	1	1	1	1	1	1	1	1	1	1	0	1	1	1	1
111	.967697	1	1	1	1	0	1	1	1	0	1	1	1	1	0	1	1	1	1	1	1	1	1	1	1	1	1	1	1	0	1	1	1	0	1	1	1	0	1	1	1	1	1	0	0	1	1	1
112	3.363578	1	1	1	1	0	1	1	1	0	1	1	1	1	0	1	1	1	1	1	1	1	1	1	1	1	1	1	1	0	1	0	1	0	0	1	1	0	1	1	1	1	1	0	0	1	1	1
113	2.15077	1	1	1	1	0	1	1	1	0	1	1	1	1	0	1	1	1	1	1	1	1	1	1	1	1	1	1	1	0	1	0	1	0	0	1	1	0	1	0	1	1	1	0	0	1	0	1
114	11.906565	1	1	1	1	1	1	1	1	1	1	1	1	1	1	1	1	1	1	1	1	1	1	1	1	1	1	1	1	1	1	1	1	1	1	1	1	1	1	1	1	1	1	0	1	1	1	1
115	1.161225	1	1	1	1	1	1	1	1	1	1	1	1	1	0	1	1	1	1	1	1	1	1	1	1	1	1	1	1	1	1	1	1	0	1	1	1	0	1	1	1	1	1	0	0	1	1	1
116	13.047173	1	1	1	1	1	1	1	1	1	1	1	1	1	1	1	1	1	1	1	1	1	1	1	1	1	1	1	1	1	1	1	1	1	1	1	1	0	1	1	1	1	1	1	1	1	1	1
117	.653753	1	1	1	1	1	1	1	1	1	1	1	1	1	0	1	1	1	1	1	1	1	1	1	1	1	1	1	1	1	1	1	1	1	1	1	1	0	1	1	1	1	1	1	0	1	1	1
118	4.033657	1	1	1	1	1	1	1	1	1	1	1	1	1	0	1	1	1	1	1	1	1	1	1	1	1	1	1	1	1	1	1	1	0	1	1	1	0	1	1	1	1	1	1	0	1	1	1
119	4.663304	1	1	1	1	1	1	1	1	0	1	1	1	1	0	1	1	1	1	1	1	1	1	1	1	1	1	1	1	1	1	1	1	0	1	1	1	0	1	1	1	1	1	1	0	1	1	1
120	1.93777	1	1	1	1	0	1	1	1	0	1	1	1	1	0	1	1	1	1	1	1	1	1	1	1	1	1	1	1	1	1	1	1	0	0	1	1	0	1	1	1	1	1	1	0	1	1	1
121	26.406561	1	1	1	1	1	1	1	1	1	1	1	1	1	1	1	1	1	1	1	1	1	1	1	1	1	1	1	1	1	1	1	1	1	1	1	1	1	1	1	1	1	1	1	0	1	1	1
122	1.328638	1	1	1	1	1	1	1	1	1	1	1	1	1	0	1	1	1	1	1	1	1	1	1	1	1	1	1	1	1	1	1	1	1	1	1	1	1	1	1	1	1	1	1	0	1	1	1
123	58.233288	1	1	1	1	1	1	1	1	1	1	1	1	1	0	1	1	1	1	1	1	1	1	1	1	1	1	1	1	1	1	1	1	0	1	1	1	1	1	1	1	1	1	1	0	1	1	1
124	2.635561	1	1	1	1	1	1	1	1	0	1	1	1	1	0	1	1	1	1	1	1	1	1	1	1	1	1	1	1	1	1	1	1	0	1	1	1	1	1	1	1	1	1	1	0	1	1	1
125	2.655116	1	1	1	1	0	1	1	1	0	1	1	1	1	0	1	1	1	1	1	1	1	1	1	1	1	1	1	1	1	1	1	1	0	1	1	1	1	1	1	1	1	1	1	0	1	1	1
126	27.293287	1	1	1	1	1	1	1	1	1	1	1	1	1	0	1	1	1	1	1	1	1	1	1	1	1	1	1	1	1	1	1	1	1	1	1	1	1	1	1	1	1	1	1	1	1	1	1
127	4.486203	1	1	1	1	1	1	1	1	1	1	1	1	1	0	1	1	1	1	1	1	1	1	1	1	1	1	1	1	1	1	1	1	0	1	1	1	1	1	1	1	1	1	1	1	1	1	1
128	.968214	1	1	1	1	1	1	1	1	0	1	1	1	1	0	1	1	1	1	1	1	1	1	1	1	1	1	1	1	1	1	1	1	0	1	1	1	1	1	1	1	1	1	1	1	1	1	1
129	38.231781	1	1	1	1	1	1	1	1	1	1	1	1	1	1	1	1	1	1	1	1	1	1	1	1	1	1	1	1	1	1	1	1	0	1	1	1	1	1	1	1	1	1	1	1	1	1	1
130	1.532677	1	1	1	1	0	1	1	1	0	1	1	1	1	1	1	1	1	1	1	1	1	1	1	1	1	1	1	1	1	1	1	1	0	1	1	1	1	1	1	1	1	1	1	1	1	1	1
131	22.606485	1	1	1	1	1	1	1	1	0	1	1	1	1	1	1	1	1	1	1	1	1	1	1	1	1	1	1	1	1	1	1	1	1	1	1	1	1	1	1	1	1	1	1	1	1	1	1
132	23.13324	1	1	1	1	0	1	1	1	1	1	1	1	1	1	1	1	1	1	1	1	1	1	1	1	1	1	1	1	1	1	1	1	1	1	1	1	1	1	1	1	1	1	1	1	1	1	1
133	23.089527	1	1	1	1	1	1	1	1	1	1	1	1	1	1	1	1	1	1	1	1	1	1	1	1	1	1	1	1	1	1	1	1	1	0	1	1	1	1	1	1	1	1	1	1	1	1	1
134	15.832921	1	1	1	1	1	1	1	1	1	1	1	1	1	1	1	1	1	1	1	1	1	1	1	1	1	1	1	1	1	1	0	1	1	1	1	1	1	1	1	1	1	1	1	1	1	1	1
135	6.938488	1	1	1	1	1	1	1	1	1	1	1	1	1	1	1	1	1	1	1	1	1	1	1	1	1	1	1	1	1	1	0	1	1	1	1	1	1	1	0	1	1	1	1	1	1	1	1
136	2.166003	1	1	1	1	1	1	1	1	1	1	1	1	1	1	1	1	1	1	1	1	1	1	1	1	1	1	1	1	1	1	0	1	1	1	1	1	1	1	0	1	1	1	1	1	1	0	1
137	12.191778	1	1	1	1	1	1	1	1	1	1	1	1	1	1	1	1	1	1	1	1	1	1	1	1	1	1	1	1	1	1	1	1	1	1	1	1	1	1	0	1	1	1	1	1	1	1	1
138	2.238692	1	1	1	1	1	1	1	1	1	1	1	1	1	1	1	1	1	1	1	1	1	1	1	1	1	1	1	1	1	1	1	1	1	1	1	1	1	1	0	1	1	1	1	1	1	0	1
139	13.192796	1	1	1	1	1	1	1	1	1	1	1	1	1	1	1	1	1	1	1	1	1	1	1	1	1	1	1	1	1	1	1	1	1	1	1	1	1	1	1	1	1	1	1	1	1	0	1

